100
100
5
29 2
21 24
57 52
56 74
89 97
3
85 20
26 31
7 80
5
58 5
33 20
5 24
60 90
68 96
9
49 4
18 5
57 12
86 23
23 32
10 40
68 72
42 73
70 86
10
10 10
13 13
58 49
58 56
69 63
24 67
62 83
94 84
72 92
25 93
4
54 41
58 65
2 72
3 96
9
1 0
47 7
1 18
38 29
2 40
20 45
24 47
27 83
22 89
13
69 2
18 5
21 18
67 19
88 20
20 38
18 42
12 47
84 52
26 55
87 83
69 86
28 99
9
71 1
17 2
43 33
36 47
68 51
11 54
39 75
12 77
57 84
9
48 16
46 17
46 20
11 34
49 45
41 47
36 51
33 59
57 69
4
40 14
18 15
88 68
40 79
7
66 22
51 45
76 48
62 64
68 71
27 80
15 85
8
9 4
51 16
3 43
59 58
3 71
24 78
52 91
94 93
9
74 25
19 26
96 27
14 39
86 46
92 59
51 62
81 78
92 96
10
51 9
5 18
7 24
65 32
6 35
82 45
80 58
33 62
77 68
62 95
10
70 0
42 14
41 16
77 28
61 35
59 53
57 55
74 64
21 82
2 99
4
8 7
95 32
21 33
90 69
12
47 4
23 9
93 39
64 46
61 57
97 58
55 67
99 73
21 75
22 77
49 83
90 96
7
13 9
50 50
26 65
64 74
93 79
92 80
34 84
13
41 16
61 27
72 28
44 41
66 53
9 61
37 64
40 70
82 72
10 75
10 76
68 78
51 93
4
87 4
83 8
27 88
39 95
16
53 3
25 12
91 22
2 27
26 29
41 34
49 40
39 46
93 61
79 79
85 87
4 89
40 91
68 92
78 97
33 98
6
70 18
9 37
41 56
28 75
40 93
25 94
10
29 6
6 8
12 18
29 25
79 60
13 64
18 86
51 89
59 97
14 99
8
56 18
69 36
88 43
76 46
97 54
41 60
81 64
77 92
10
20 20
98 29
12 45
47 58
100 64
82 66
62 73
81 78
72 96
11 97
9
5 8
79 9
90 22
46 36
6 37
57 46
25 56
82 68
10 74
9
70 4
29 21
31 24
16 31
33 39
9 58
89 62
89 77
21 94
4
59 7
25 44
88 66
83 69
11
76 5
94 11
19 18
31 20
50 23
19 29
52 35
39 38
71 74
72 75
34 80
6
95 31
57 33
78 38
82 62
17 63
9 76
9
92 3
15 23
85 54
77 55
62 60
7 63
8 86
44 89
55 96
9
35 7
96 9
26 10
85 11
9 15
93 41
45 60
81 71
12 79
7
27 4
81 12
3 23
14 35
48 46
92 79
40 94
15
15 0
98 1
89 6
84 11
25 42
7 51
28 53
22 56
79 57
40 58
76 67
64 74
82 75
73 91
41 95
7
61 7
11 10
73 26
6 57
87 74
14 90
56 91
10
82 6
81 9
39 21
12 40
10 55
64 64
64 65
21 71
77 80
29 92
10
41 6
39 25
98 27
9 40
100 57
99 64
63 77
47 82
41 84
22 96
8
8 7
32 12
94 21
97 33
22 71
24 85
2 97
81 99
10
47 22
66 26
68 31
71 38
8 46
72 58
5 61
4 68
18 75
57 76
8
43 4
43 19
39 55
85 72
30 81
18 85
42 92
2 94
12
6 2
21 4
1 7
24 10
59 14
26 34
20 52
3 61
70 62
32 72
11 79
19 96
8
90 13
84 21
57 25
19 27
89 40
71 43
59 76
38 78
9
24 10
22 17
69 26
81 33
7 58
41 68
82 93
41 94
71 99
16
85 3
5 4
2 5
7 14
24 22
99 33
99 43
97 44
10 46
79 50
9 51
11 69
33 72
67 73
31 78
100 81
9
83 7
61 15
98 26
39 30
26 31
85 36
28 50
89 68
42 70
11
95 4
15 12
89 20
81 38
5 47
90 59
51 72
61 75
9 86
12 88
79 93
12
74 24
12 37
23 46
51 48
43 53
29 56
20 61
84 64
79 88
11 92
88 93
93 95
7
27 37
71 41
66 53
11 67
91 72
73 91
39 95
11
74 0
15 2
4 8
65 37
75 45
94 46
97 48
89 49
63 59
41 88
98 91
11
71 4
8 18
51 22
79 30
28 39
10 72
20 75
72 89
2 90
89 92
100 99
11
50 3
60 8
67 12
57 21
99 25
23 44
40 52
44 55
25 65
42 83
89 84
11
45 6
44 15
54 21
73 32
81 50
67 54
21 57
44 58
40 67
33 76
99 80
9
11 2
44 13
53 15
14 16
81 32
89 34
96 42
56 56
3 94
10
21 16
55 20
20 22
2 35
84 46
59 49
58 57
83 82
15 85
77 89
10
89 5
3 6
92 17
80 49
6 66
88 69
45 71
12 96
50 97
37 98
8
55 0
12 21
62 22
99 26
35 32
88 42
64 80
85 96
19
49 4
55 22
55 23
49 26
47 33
90 35
10 39
73 45
25 52
1 53
70 55
57 60
39 66
36 80
48 82
53 84
40 91
3 92
2 93
9
100 7
12 14
74 15
6 21
23 46
62 47
68 50
19 69
89 98
14
30 2
69 23
3 31
82 35
85 45
12 46
39 47
50 51
67 56
4 58
23 66
2 76
13 77
29 92
18
7 5
77 12
2 20
93 23
72 30
1 44
83 51
43 53
68 59
73 63
95 67
63 69
52 77
61 80
61 84
95 85
32 89
97 94
4
41 27
23 33
20 47
12 69
9
20 7
88 8
49 30
95 39
79 41
29 48
18 56
67 71
99 81
11
77 0
72 2
89 5
55 6
54 21
17 28
49 43
80 50
33 58
50 78
3 89
6
2 23
93 28
85 59
92 64
39 65
6 71
5
11 17
14 23
45 32
57 52
36 77
7
51 26
28 34
49 37
6 38
95 45
19 74
59 79
8
22 1
43 3
11 21
69 26
29 33
13 50
48 52
47 99
9
6 2
14 7
95 21
37 24
58 44
89 52
61 58
63 73
97 89
7
27 4
28 8
86 27
41 28
15 49
73 66
17 97
10
96 1
94 8
45 16
82 26
72 44
81 45
83 66
42 67
17 76
97 99
8
30 0
80 9
80 23
2 36
71 40
88 65
18 68
6 99
7
79 50
23 53
86 54
61 61
18 80
90 92
2 95
9
9 7
80 14
72 40
10 46
58 47
44 53
99 70
90 77
11 95
6
80 0
48 9
59 61
93 62
50 63
92 71
13
17 2
18 9
26 13
7 20
27 31
32 45
9 68
84 69
100 78
80 87
35 92
47 96
34 99
7
40 11
73 21
84 23
85 54
43 62
23 84
37 97
9
42 12
50 21
3 28
72 32
39 35
33 41
62 74
81 90
98 92
9
53 0
50 4
58 40
31 46
5 64
42 68
86 75
33 91
60 97
10
47 2
22 11
85 24
66 26
56 36
51 39
84 41
76 65
85 67
1 90
9
38 7
14 14
59 35
1 41
76 73
3 79
26 92
25 93
51 97
7
16 38
100 44
16 70
69 75
24 83
98 88
71 98
10
70 11
1 35
71 40
59 46
65 48
32 49
92 61
68 79
92 81
68 90
13
99 11
40 17
71 25
63 39
39 41
50 42
53 49
48 67
40 72
75 75
9 86
1 88
25 91
10
96 11
22 14
94 18
48 34
13 54
98 65
56 72
56 76
48 77
77 82
7
100 36
48 44
35 61
2 67
90 74
46 92
39 97
8
23 0
14 10
13 29
7 40
22 43
26 53
81 69
31 71
5
87 38
92 43
64 55
75 60
77 80
7
22 28
2 47
5 59
30 65
55 68
47 69
58 95
8
52 1
45 31
95 50
77 61
33 72
45 80
80 83
24 91
11
26 0
13 4
7 22
71 29
75 34
47 60
51 66
75 77
78 84
39 92
36 99
11
25 3
26 17
16 22
43 36
7 42
91 58
49 63
49 73
64 77
70 79
93 83
9
26 7
100 24
26 27
47 30
2 44
60 55
66 65
94 68
51 89
8
41 9
75 19
24 31
44 32
88 33
66 77
5 84
45 93
9
46 0
39 18
85 19
100 21
47 56
15 64
45 68
92 79
91 84
7
80 7
85 15
76 31
10 44
65 70
82 81
64 84
10
27 1
78 13
38 17
6 23
67 40
85 48
91 50
60 78
84 79
66 92
7
92 3
47 9
21 15
34 43
53 63
2 67
3 79
11
3 7
55 17
20 36
34 39
14 41
18 42
14 45
68 48
65 50
11 60
92 68
8
27 11
41 17
100 24
79 25
83 43
83 73
53 74
58 80
100
9
17 5
87 7
11 23
49 31
73 47
5 51
13 53
44 77
67 93
