100
100
5
79 13
62 17
61 33
45 54
91 87
5
71 0
98 49
39 62
46 83
69 95
2
37 20
4 29
4
57 2
24 21
70 38
57 78
2
35 22
61 62
2
52 12
7 66
3
4 0
92 19
79 55
1
44 88
5
3 8
54 27
40 36
45 38
96 65
4
56 3
70 36
97 38
25 44
1
52 94
3
51 51
41 68
61 96
1
48 93
4
14 18
29 72
26 74
68 86
3
60 16
39 22
39 66
2
28 32
12 52
6
23 6
33 42
84 59
38 64
85 66
33 68
5
77 7
71 31
29 34
23 61
20 62
2
61 10
6 15
5
7 31
84 34
84 55
24 64
53 82
3
40 27
52 47
87 72
1
30 82
3
98 11
53 20
10 46
0
2
98 27
3 69
3
27 7
96 25
78 33
2
39 62
33 71
2
38 23
95 86
4
23 21
4 47
91 54
53 61
3
90 2
77 21
38 77
0
6
69 7
24 13
80 29
69 30
12 32
41 43
5
9 44
28 48
99 52
34 71
69 77
2
45 45
24 76
2
16 33
24 67
1
91 54
4
84 34
47 72
7 76
98 92
8
82 17
81 40
13 41
81 42
51 51
86 65
23 75
32 88
2
87 25
54 52
1
38 56
5
6 3
57 7
71 37
2 46
13 65
4
29 18
92 52
60 63
10 78
5
97 24
98 49
30 55
38 71
75 90
4
23 8
98 53
33 96
70 97
3
71 27
61 49
37 74
2
9 40
82 57
2
61 23
17 60
2
36 35
58 79
1
63 13
1
71 89
3
34 70
67 83
87 95
3
66 31
13 46
36 81
5
63 6
38 53
12 63
13 65
75 83
3
85 25
71 40
51 67
4
72 3
35 54
88 75
43 77
4
22 16
43 25
27 43
31 57
2
73 41
9 47
4
5 28
61 52
91 59
48 75
1
91 55
4
83 12
21 45
100 60
74 77
4
69 0
68 3
3 56
28 79
4
36 57
85 65
75 72
87 78
3
48 59
79 61
90 77
3
74 9
1 14
37 68
3
2 67
26 84
76 87
2
15 63
60 77
3
53 69
60 78
98 83
3
65 20
70 33
3 91
5
67 65
33 67
78 71
22 74
52 88
5
78 25
34 38
48 46
42 57
93 98
3
23 27
17 39
2 68
1
13 3
2
71 59
33 82
2
47 37
40 68
2
32 36
70 92
4
52 15
18 57
29 78
97 94
3
62 5
54 15
44 62
4
27 13
81 61
78 87
55 91
3
73 27
95 85
59 93
1
77 42
3
54 3
97 29
3 38
8
89 14
86 17
72 28
2 29
11 46
18 72
14 80
29 81
2
78 43
73 51
2
97 63
19 75
4
93 43
18 46
62 49
34 83
3
85 19
13 62
91 96
5
92 8
70 21
71 43
84 59
56 85
1
95 64
1
97 53
2
61 51
39 63
2
57 45
33 62
3
88 52
86 75
28 78
1
70 9
1
25 81
4
59 19
80 27
77 94
92 97
4
74 12
26 19
100 21
4 73
5
11 0
99 15
60 47
37 63
45 96
5
36 17
8 32
91 36
55 48
20 69
1
39 91
2
11 61
61 85
100
3
38 56
47 94
9 96
