100
100
27
76 0
84 5
19 7
1 9
79 14
68 15
96 18
68 19
94 23
47 24
66 26
29 45
27 56
31 58
96 61
8 65
86 66
16 70
12 74
89 75
38 77
30 78
85 81
8 84
52 90
49 92
61 99
32
62 2
7 4
99 6
96 7
76 18
45 21
39 22
41 26
39 28
54 29
75 32
79 33
100 37
95 43
77 44
22 52
17 54
9 58
18 60
84 63
46 71
20 72
91 73
27 74
66 78
97 81
24 84
98 87
10 91
56 92
100 93
20 95
33
43 0
16 1
73 2
44 5
61 6
12 12
49 18
37 21
17 22
11 32
69 33
11 35
12 37
45 38
57 42
83 43
34 47
10 53
14 54
3 57
45 58
36 59
1 62
94 73
81 74
97 76
23 79
11 80
46 84
47 85
86 87
6 90
72 96
31
41 0
40 2
37 3
76 5
88 6
83 7
76 10
68 15
41 18
6 19
90 20
89 29
64 31
48 44
1 49
59 50
76 51
88 62
51 66
53 71
81 73
54 74
26 77
83 79
54 80
70 82
76 91
91 92
91 95
54 97
29 99
35
8 7
42 9
18 15
64 17
36 18
12 20
64 21
60 22
1 25
52 29
59 30
40 31
56 33
99 45
57 48
87 49
73 52
48 53
91 54
61 55
26 59
85 68
55 70
25 71
70 74
2 77
14 80
25 82
56 84
83 85
41 90
31 91
29 93
39 97
54 99
30
26 2
6 3
27 8
50 16
16 19
33 24
43 25
11 32
80 34
98 36
48 42
69 46
50 51
80 53
5 54
22 57
89 60
70 61
3 63
90 64
19 66
60 67
30 69
57 70
57 77
33 80
72 87
58 96
22 97
88 98
29
1 0
14 2
74 9
21 11
52 15
46 17
60 19
94 21
87 25
57 30
55 35
91 42
36 46
81 47
89 60
24 68
83 70
45 71
62 74
22 76
52 81
32 82
78 83
10 84
82 86
11 92
82 93
18 95
76 99
29
21 0
84 8
31 13
44 16
24 17
22 18
97 19
22 20
7 22
56 23
5 27
22 29
74 36
74 39
47 40
45 43
81 46
30 47
15 59
47 62
45 69
94 75
54 80
61 81
38 85
60 87
22 94
58 96
96 97
32
61 4
21 6
2 7
38 9
90 11
16 12
62 15
89 16
66 19
50 22
35 25
64 27
1 28
18 32
93 33
28 35
19 36
56 37
33 40
39 43
77 47
20 52
14 60
51 68
22 71
59 74
60 79
35 84
31 91
63 92
5 94
29 95
29
3 4
95 5
55 7
92 13
48 15
62 17
61 19
96 20
68 25
76 27
40 28
53 30
50 31
94 32
95 41
36 56
59 62
61 63
15 65
17 67
88 71
14 73
58 83
49 85
19 88
58 94
19 95
20 96
64 98
42
66 0
53 2
18 4
22 5
74 6
87 7
4 9
48 10
39 13
61 14
23 18
92 24
92 26
26 28
96 29
97 30
11 31
55 35
59 38
18 39
44 41
27 47
76 48
2 49
73 55
17 57
95 59
35 60
32 61
66 64
10 67
61 72
83 79
16 80
76 81
90 82
5 84
21 85
48 86
54 88
10 93
94 96
31
29 1
27 6
26 8
43 10
52 11
50 15
32 16
60 18
92 25
40 30
33 34
80 35
50 37
25 38
65 41
94 45
87 46
53 51
95 55
74 58
68 60
65 62
67 68
93 69
85 74
5 81
8 89
60 91
76 92
62 94
37 98
33
55 0
17 2
83 3
4 6
4 11
10 12
98 18
92 21
91 22
14 24
33 25
61 27
27 28
34 31
4 38
82 40
44 41
55 53
19 55
37 62
78 67
52 68
82 70
67 72
23 73
80 74
40 77
50 80
89 83
5 86
12 87
41 91
19 97
24
78 6
30 11
51 19
41 24
89 27
74 31
77 32
7 33
47 37
12 41
41 46
16 55
83 58
88 60
15 70
45 75
80 77
62 78
68 79
57 82
31 88
7 89
39 96
86 98
30
68 9
97 10
33 14
60 15
29 18
14 20
79 21
48 25
89 29
20 30
62 33
73 40
54 42
87 45
81 47
86 51
86 52
11 54
82 58
8 60
1 64
15 65
96 66
47 69
39 84
63 90
74 93
47 95
93 98
71 99
30
26 1
27 6
83 8
50 9
43 12
63 16
44 17
21 19
44 24
44 25
56 30
2 34
33 36
27 41
75 46
71 48
9 55
90 56
51 58
24 59
6 60
32 64
54 75
10 82
89 84
22 86
37 88
79 91
52 92
49 94
29
14 2
2 4
95 7
22 9
60 11
3 12
5 16
30 27
66 28
43 33
85 38
68 40
42 41
34 42
62 43
69 44
97 45
44 55
28 67
7 70
51 78
73 79
87 80
99 82
50 84
20 86
3 91
6 93
25 94
27
51 1
28 3
35 5
30 6
82 8
26 10
74 19
41 22
78 24
35 33
34 38
77 39
23 41
68 42
47 50
14 59
48 62
61 64
62 66
34 67
72 78
49 79
98 82
15 85
94 86
18 88
14 93
25
98 0
3 2
45 3
60 5
79 8
46 14
65 21
13 26
32 27
94 28
16 37
14 39
69 43
37 47
19 48
37 59
64 60
61 65
45 66
82 71
60 72
96 75
19 76
9 83
21 91
30
86 4
9 9
92 11
6 12
90 13
88 17
76 22
37 26
28 28
13 29
86 30
81 34
69 35
94 38
93 43
45 44
89 49
26 54
53 59
63 61
53 65
17 66
70 67
68 69
76 75
92 79
14 81
79 90
49 96
94 98
30
65 0
76 10
77 14
11 16
9 19
61 27
77 28
74 29
97 31
72 33
99 34
34 37
11 42
62 44
57 46
26 50
47 55
41 56
34 61
91 62
68 63
76 73
1 75
66 79
33 82
77 84
38 87
38 91
48 95
34 99
30
27 2
82 6
10 7
73 8
28 10
90 17
37 21
1 25
77 26
80 29
93 32
17 35
32 37
63 39
54 55
96 58
25 59
95 62
65 64
34 67
49 70
14 73
88 80
30 84
39 87
10 89
44 91
31 92
73 96
16 98
31
65 1
16 3
71 5
70 13
32 16
69 18
2 23
25 25
91 28
20 31
38 32
3 35
28 36
72 39
19 41
14 44
36 55
72 58
33 66
2 67
32 71
47 75
21 77
47 80
11 81
58 82
28 85
36 92
82 96
49 98
75 99
23
88 3
66 4
45 6
3 14
41 22
98 23
81 24
42 30
51 41
55 43
45 44
80 52
52 57
57 65
75 66
8 69
46 73
48 75
85 78
97 83
15 91
8 93
99 98
31
3 2
72 7
76 9
54 12
39 14
10 20
10 21
33 28
2 31
76 34
43 36
95 37
89 40
99 42
60 43
48 54
37 57
90 60
97 61
40 64
14 65
32 71
71 73
78 75
21 77
25 78
24 86
9 87
59 90
88 96
7 98
38
44 1
94 5
3 7
100 8
53 9
88 12
71 15
97 16
74 18
66 21
29 30
2 31
95 32
32 33
89 38
62 40
32 42
63 44
100 46
99 47
32 48
29 49
80 53
78 54
37 59
26 60
41 62
77 64
86 65
18 66
73 73
36 74
50 78
61 80
72 82
19 88
89 93
91 99
35
46 2
99 6
55 9
35 10
1 11
11 15
70 16
65 20
83 25
74 27
1 31
97 32
75 35
26 36
9 39
64 41
41 45
58 51
96 56
72 57
41 60
54 65
7 66
29 70
78 72
17 75
41 76
48 77
5 79
6 80
73 81
10 84
83 95
29 96
91 97
33
90 2
81 9
51 14
59 17
89 18
17 19
78 24
87 26
13 27
29 34
64 36
51 38
43 39
32 40
6 42
32 46
13 47
25 49
63 50
92 59
47 66
84 67
36 73
62 75
54 76
13 78
88 79
39 84
60 88
24 90
97 92
62 98
54 99
31
44 3
77 4
37 5
52 13
59 14
10 20
87 25
75 34
56 37
46 40
44 43
66 44
48 47
22 49
96 50
66 54
35 57
19 58
66 69
23 72
1 74
16 75
58 77
12 78
20 83
35 84
46 85
100 90
58 91
94 98
39 99
36
49 2
8 5
95 6
23 8
36 11
59 12
70 17
66 18
79 19
85 20
20 21
88 22
35 23
17 25
51 26
16 33
4 37
29 38
39 40
33 45
36 46
67 47
7 48
26 53
65 59
69 61
12 66
14 70
99 75
90 80
75 82
84 89
6 92
52 95
18 97
46 98
30
11 1
73 4
13 17
92 26
97 28
96 33
27 34
64 38
87 40
74 42
73 43
49 47
49 49
46 50
41 52
96 54
8 56
89 60
13 61
92 66
95 67
13 68
82 72
75 75
77 82
61 84
33 89
73 91
58 94
10 99
29
33 1
4 2
99 5
11 14
86 22
30 23
29 24
93 25
3 33
22 35
19 41
26 44
9 50
75 53
30 55
26 57
99 59
13 61
97 70
10 73
27 76
30 78
55 80
5 82
19 83
4 85
80 90
54 92
66 99
27
35 4
28 8
38 11
86 12
76 15
59 19
88 23
23 24
23 28
1 29
99 30
57 34
20 41
9 49
86 51
80 54
2 56
80 63
36 70
87 77
38 81
52 83
48 85
44 88
47 91
49 94
47 95
33
89 4
91 5
64 7
71 8
96 9
45 16
63 20
55 21
50 22
11 29
42 30
40 32
27 34
59 37
3 42
96 44
45 45
60 50
28 52
66 64
31 67
33 68
72 71
83 77
82 79
78 80
82 81
40 82
60 87
22 95
99 96
46 97
88 98
32
27 0
6 5
1 8
26 10
78 14
63 16
1 19
89 23
88 25
60 27
26 28
62 30
55 32
71 39
3 42
67 43
35 45
84 48
11 54
37 56
94 57
88 59
76 62
64 64
85 66
44 77
48 79
11 83
44 90
7 97
62 98
98 99
30
50 2
1 12
14 19
91 22
27 23
87 24
68 31
77 32
63 35
97 37
49 41
86 43
77 50
82 51
97 53
67 56
92 57
2 59
92 66
22 75
8 76
40 79
39 84
64 85
99 87
78 89
94 92
84 95
62 96
38 98
30
92 1
83 8
11 11
34 15
50 18
87 19
10 24
45 27
76 31
9 35
91 36
93 39
20 40
61 44
25 45
21 47
4 50
49 54
64 59
65 60
77 63
78 71
23 72
64 78
41 80
51 87
68 88
18 89
35 98
25 99
24
83 1
9 2
79 3
82 7
98 14
91 15
22 28
88 30
88 36
14 41
76 48
86 54
94 62
90 69
33 71
70 73
67 77
95 78
49 85
29 87
71 88
85 91
89 94
24 95
29
23 3
87 6
15 14
66 15
88 16
55 17
9 18
69 22
38 29
71 30
94 37
24 38
45 43
15 47
80 52
15 53
81 56
86 60
93 68
97 85
87 87
65 89
26 90
77 91
73 94
3 96
15 97
64 98
43 99
25
55 2
8 3
41 12
75 14
65 15
21 18
52 20
78 32
72 40
25 41
51 42
88 44
20 51
51 53
74 55
1 57
53 68
63 70
86 71
16 79
90 80
12 84
72 90
5 92
75 98
27
70 10
11 13
47 15
66 16
83 18
98 19
76 25
82 28
21 34
61 38
39 43
72 45
30 46
91 48
2 53
20 55
2 59
8 60
13 63
64 65
16 71
86 73
92 88
8 90
73 91
29 92
1 97
28
49 6
19 9
11 12
34 15
91 16
82 17
43 19
44 23
96 26
85 27
87 29
10 33
50 40
49 42
4 47
69 51
15 53
78 54
13 56
94 61
7 66
54 71
15 72
2 75
76 80
32 82
89 83
86 86
28
3 0
16 7
49 9
88 18
41 27
75 30
1 32
34 33
32 38
99 40
54 43
92 47
62 54
87 59
35 61
81 66
13 67
62 68
74 71
61 78
99 81
46 83
9 84
38 85
66 86
83 93
36 96
39 98
25
91 3
45 5
17 6
72 7
91 10
16 18
12 19
50 20
48 26
46 33
87 36
79 38
39 39
99 47
43 59
47 61
29 64
37 65
65 66
1 72
90 79
49 81
40 83
92 94
87 98
36
49 0
70 3
45 6
10 8
47 12
96 15
31 17
7 18
43 19
30 29
18 33
97 34
40 37
69 38
29 41
23 42
57 43
73 46
100 49
6 51
99 53
79 54
37 59
59 70
87 71
43 77
12 78
63 82
74 83
74 84
66 91
96 92
75 93
89 94
23 98
55 99
32
31 4
82 6
78 9
57 11
2 12
64 13
57 16
92 19
15 22
16 23
87 26
76 38
14 46
11 47
56 48
54 51
1 55
11 61
96 62
91 64
35 67
64 68
12 70
46 73
44 74
21 77
13 79
19 85
45 86
65 92
81 95
44 96
29
53 0
52 1
97 2
30 9
39 10
63 14
11 16
77 17
44 18
17 19
17 25
19 29
3 35
65 37
28 40
76 43
47 52
85 58
97 61
41 62
83 68
84 70
6 72
60 76
64 83
79 87
53 90
65 95
87 97
26
86 8
29 13
77 19
43 20
100 21
11 24
81 26
74 27
33 28
54 31
4 35
90 37
10 38
37 41
60 47
4 50
31 53
75 58
61 59
14 60
40 65
57 66
47 74
85 75
91 82
90 87
28
38 1
44 6
83 14
88 19
3 20
45 24
86 29
80 31
46 34
30 35
4 43
33 47
97 48
34 49
17 50
90 60
46 61
50 62
45 71
13 73
84 78
22 80
22 81
70 83
16 87
59 90
65 94
88 98
30
48 0
15 4
59 8
10 9
90 10
63 11
78 12
46 16
81 21
64 23
52 25
30 38
98 41
50 44
47 45
81 57
41 58
90 59
93 65
12 68
30 69
17 74
23 80
82 81
7 85
83 88
18 89
64 90
95 94
78 98
32
34 0
68 1
29 4
56 5
38 9
16 18
3 24
1 25
57 27
11 28
71 31
57 36
37 40
55 45
70 46
49 48
74 49
29 60
29 61
98 62
53 66
68 70
65 80
25 83
22 84
80 85
53 86
81 88
66 94
88 97
62 98
57 99
29
49 8
36 9
86 20
49 26
31 27
45 28
42 29
1 31
16 33
98 34
20 43
82 47
24 53
98 55
32 57
1 59
6 62
70 63
80 64
19 67
18 69
25 70
68 75
10 82
31 88
28 92
76 95
24 96
94 98
29
20 4
34 7
41 10
62 16
95 21
42 23
41 24
67 26
24 28
11 30
58 35
58 37
44 38
73 40
71 46
85 47
67 49
35 54
29 55
47 66
58 68
78 70
85 77
41 79
91 83
56 88
59 95
49 96
3 97
35
89 0
83 1
52 2
91 3
37 7
54 10
69 14
3 15
23 19
43 23
29 24
43 27
58 30
50 31
98 37
19 39
85 41
80 50
43 51
34 55
50 58
20 65
65 67
15 70
21 71
49 74
9 83
33 86
23 90
99 91
80 93
12 94
90 95
63 97
5 99
23
83 3
16 4
77 7
40 8
18 10
50 13
87 21
87 28
21 31
83 43
23 46
82 47
42 50
82 56
34 64
40 65
1 66
8 67
29 69
71 77
98 82
65 96
27 97
31
35 1
46 7
69 12
88 14
9 16
31 19
43 23
87 31
9 32
74 33
87 35
71 38
78 41
47 42
37 50
83 51
6 53
27 54
88 55
80 61
6 62
1 64
44 67
31 69
58 79
95 88
100 89
20 90
59 92
88 93
4 97
26
85 2
59 11
21 19
51 21
89 22
59 24
2 29
88 32
70 37
43 41
62 44
35 45
61 52
22 61
87 64
68 67
94 68
66 73
64 74
26 77
27 78
88 87
59 88
37 94
43 98
67 99
35
99 5
41 9
37 12
15 14
1 15
27 16
73 23
10 24
90 29
40 33
62 35
14 36
99 38
22 42
56 43
70 47
88 52
5 53
5 58
6 62
51 64
100 65
7 67
60 68
11 72
64 76
55 79
16 80
83 84
40 86
11 87
54 90
37 95
14 97
48 98
32
98 0
66 2
86 14
42 19
98 21
17 22
25 23
1 25
85 26
71 29
95 30
86 33
56 34
27 35
35 36
68 43
19 46
93 49
50 52
93 53
46 57
5 59
67 63
25 64
63 65
12 70
95 78
68 79
65 80
52 84
79 86
77 91
27
11 0
89 1
56 2
99 3
66 5
39 6
15 9
17 12
43 16
86 22
2 31
13 33
28 38
25 39
15 40
57 51
18 55
33 58
6 62
62 63
50 65
73 67
31 71
69 73
41 79
42 86
11 99
28
60 4
5 6
64 8
36 10
84 11
90 13
51 17
83 21
89 23
84 27
99 32
15 37
3 40
50 43
25 45
46 46
63 50
17 57
38 59
91 64
27 66
40 79
65 80
38 81
96 90
56 95
18 96
62 99
28
59 5
29 7
21 13
27 15
25 16
92 20
14 25
43 36
21 38
61 39
65 41
75 47
96 49
19 50
28 54
95 56
50 58
67 60
37 64
58 68
34 70
75 75
80 76
51 77
56 78
16 79
94 81
97 89
29
64 0
23 4
29 8
23 9
17 10
17 13
17 14
19 18
79 28
46 29
75 31
93 32
69 36
51 37
39 42
73 47
97 50
98 54
93 55
98 61
30 64
61 65
78 68
59 75
95 79
63 82
90 84
99 91
81 92
27
96 4
64 7
56 13
42 14
31 18
83 19
40 22
90 25
83 27
20 28
69 33
2 34
19 40
31 41
46 42
82 50
38 52
32 61
96 64
40 68
78 76
3 81
98 82
97 88
96 91
22 95
96 98
27
32 3
32 7
30 9
14 11
32 12
90 19
61 27
10 30
87 31
94 33
34 37
85 38
11 40
26 42
50 43
13 46
99 48
49 50
31 52
86 65
33 66
81 67
57 68
81 78
68 80
88 87
76 91
34
46 3
18 5
18 7
65 8
79 9
51 14
73 25
17 26
18 29
56 30
37 31
70 34
47 35
50 37
23 40
26 43
81 44
45 46
53 48
71 51
49 56
98 59
91 63
38 65
19 68
93 70
27 73
68 75
14 79
60 83
68 89
58 93
3 94
94 98
27
60 0
40 7
8 8
55 15
92 16
81 23
44 24
81 25
28 29
95 32
52 39
31 43
88 47
32 52
73 55
62 58
5 63
8 65
40 68
95 69
60 70
80 71
99 72
92 74
5 79
33 88
60 95
30
59 0
15 1
46 2
17 9
48 10
2 16
25 18
9 20
71 21
40 22
59 24
99 29
27 33
64 37
77 39
61 41
30 43
75 45
77 47
1 51
8 54
1 57
31 59
7 63
52 65
92 69
30 70
15 77
95 93
80 99
27
34 6
90 7
54 9
12 12
15 16
15 23
81 26
88 27
34 32
93 33
1 37
84 43
61 48
71 51
50 52
63 54
44 64
36 65
44 71
96 74
2 77
48 78
22 83
43 88
20 93
69 94
28 97
36
76 0
71 1
51 5
87 10
11 11
75 12
56 14
19 17
13 19
35 20
92 27
63 30
17 37
49 38
25 39
81 41
32 43
4 47
91 49
91 50
79 55
46 58
85 63
58 67
47 69
8 77
88 78
95 79
24 81
38 86
4 89
43 91
35 92
31 95
29 97
24 98
29
14 3
62 4
3 5
52 6
54 8
1 10
49 12
37 14
75 21
33 30
81 31
63 34
34 35
71 43
52 45
36 49
97 50
38 53
16 54
94 55
98 57
43 69
92 70
31 71
49 75
64 82
73 85
89 86
35 92
27
57 1
96 4
53 5
93 9
85 11
35 13
11 26
79 28
65 32
11 36
96 41
13 49
6 52
26 53
23 54
55 56
60 58
28 59
54 62
5 63
86 67
58 69
54 78
61 80
20 84
30 88
7 97
38
10 1
6 8
55 11
1 12
47 13
57 14
37 17
88 19
12 20
92 21
87 22
100 24
32 26
100 29
100 32
95 34
2 40
55 47
22 54
57 55
73 61
81 62
92 63
91 64
79 66
18 67
57 68
53 69
100 72
45 76
29 78
86 83
16 89
1 90
86 91
93 95
23 96
91 99
33
67 4
90 6
10 8
55 9
35 16
82 18
43 19
24 20
5 27
52 28
41 31
64 33
9 34
13 35
100 39
73 45
23 46
35 48
91 49
62 54
52 59
33 60
34 63
76 64
10 65
51 68
8 72
27 78
30 80
15 83
93 87
67 89
6 99
33
89 4
1 5
79 8
93 10
6 11
17 12
68 18
73 26
96 32
48 33
32 34
8 35
76 36
44 42
41 52
8 54
46 55
18 62
11 63
59 65
90 66
87 67
86 73
15 74
54 80
24 82
2 86
52 87
92 90
48 91
90 93
66 95
32 96
27
76 0
94 4
69 7
18 12
21 14
48 18
73 22
80 23
77 25
33 27
17 28
31 30
2 34
68 42
55 48
29 50
33 55
71 63
8 64
75 67
41 72
81 73
62 77
44 79
35 80
79 86
46 98
27
73 1
45 3
50 5
27 6
77 7
98 10
6 11
35 14
95 15
80 18
92 19
81 23
73 26
41 33
9 37
97 39
89 43
50 44
84 47
56 60
4 62
58 64
70 71
1 77
81 81
25 94
97 97
32
33 4
46 7
23 9
66 10
89 11
1 14
84 21
32 24
63 26
7 30
30 35
46 43
16 48
51 49
17 52
37 56
82 58
35 59
6 60
65 61
4 62
25 66
5 69
62 74
72 77
34 79
79 81
65 85
81 86
57 87
81 94
91 98
32
68 0
40 2
32 3
63 4
73 5
66 7
72 12
28 16
34 17
6 20
26 21
40 24
44 26
29 27
30 29
14 31
92 32
70 41
79 47
74 48
74 49
11 53
95 60
7 61
96 65
51 69
50 70
66 71
43 73
100 83
88 87
7 89
29
57 8
61 13
83 16
53 23
80 25
68 30
54 31
23 35
44 36
16 37
25 39
64 43
60 47
75 56
89 58
14 59
86 61
24 66
89 69
80 71
51 72
8 75
51 76
58 77
21 82
72 84
57 88
47 93
12 99
27
43 11
63 13
49 14
67 15
64 23
94 25
24 26
89 27
15 44
49 45
60 51
88 52
96 54
39 56
91 57
97 62
7 68
92 72
10 75
73 77
76 78
88 82
44 86
36 87
31 88
14 91
38 95
23
52 6
72 10
84 11
83 12
50 19
7 25
72 30
40 35
67 41
25 47
95 49
86 51
37 53
55 56
75 60
72 61
56 66
52 68
90 72
20 77
9 81
55 91
68 95
30
68 4
10 8
49 12
60 14
77 17
2 20
52 22
84 23
14 25
81 29
94 31
100 33
46 36
19 37
40 38
36 48
52 50
100 53
40 58
63 59
9 69
86 71
85 75
11 77
14 81
96 87
80 89
53 90
11 93
25 95
37
96 1
15 4
90 5
77 6
74 9
86 10
65 11
28 12
12 16
58 22
22 26
11 27
91 29
26 30
16 33
42 35
78 40
64 44
78 46
91 49
17 55
84 58
46 59
26 64
16 65
91 67
55 71
17 76
91 81
12 82
18 83
13 86
75 87
4 92
19 94
58 95
44 98
26
88 2
65 6
49 9
74 13
86 16
52 19
97 20
18 22
46 32
65 33
19 43
72 46
24 47
27 48
65 53
7 62
49 67
13 68
56 72
56 78
84 79
60 81
70 84
45 88
25 90
30 91
33
69 1
83 5
15 15
90 16
82 17
78 19
65 20
88 21
58 26
44 32
36 33
80 34
68 40
72 43
34 47
7 52
52 54
60 55
81 56
93 57
84 65
96 69
43 70
44 78
34 80
86 82
44 84
88 89
67 91
23 92
74 95
34 96
25 97
31
98 5
27 7
63 8
83 16
26 17
29 19
39 21
26 23
65 26
18 28
88 33
39 34
6 37
8 39
59 41
96 44
66 45
80 49
70 50
13 52
69 56
80 57
8 69
98 70
40 74
74 77
49 82
47 90
34 95
10 98
93 99
38
94 0
14 1
40 2
85 3
69 4
41 5
69 6
70 7
54 10
66 14
5 16
28 20
24 23
61 24
84 28
48 30
29 33
67 34
49 40
28 42
60 43
44 44
49 46
83 49
61 50
47 52
60 60
95 64
74 65
10 67
27 73
56 78
38 79
29 80
26 84
54 86
80 87
82 90
21
72 1
66 11
98 21
67 23
47 35
44 36
13 37
14 39
29 40
49 41
89 42
24 49
82 51
63 53
67 57
90 63
28 65
84 78
13 85
22 90
50 92
30
28 0
94 1
28 8
6 9
78 16
89 18
37 20
42 23
89 27
74 29
33 32
40 34
79 38
92 42
46 43
81 50
22 51
37 58
42 59
66 65
25 68
38 77
90 78
59 79
80 80
30 82
48 84
66 90
5 91
59 97
28
99 1
47 2
69 9
34 10
44 11
74 13
68 14
89 27
91 28
59 29
99 35
46 42
3 43
34 48
17 50
62 51
46 52
82 55
61 56
97 60
54 63
35 69
92 71
86 75
2 82
1 86
84 91
37 95
31
1 5
19 10
5 11
16 15
23 19
17 20
8 23
85 26
15 27
94 28
14 29
91 32
90 33
99 41
76 43
24 51
69 52
10 55
17 56
6 59
54 65
24 67
92 68
34 69
18 70
62 74
85 75
49 88
34 90
5 93
48 97
33
4 1
82 9
21 12
89 13
49 16
23 18
92 22
99 23
19 24
87 29
35 32
33 39
26 40
66 41
59 42
64 43
8 44
63 47
49 48
55 49
4 55
19 61
70 67
28 79
43 81
86 82
92 86
58 90
7 91
11 92
55 95
14 97
9 98
30
76 0
36 8
60 9
86 12
53 14
63 21
5 22
50 24
24 25
79 28
69 29
78 32
96 38
17 44
28 50
78 52
49 56
77 57
16 58
24 66
56 67
45 68
5 69
25 76
93 77
91 80
66 85
27 95
97 96
10 98
34
64 0
34 3
16 4
68 9
42 13
30 14
25 18
57 21
78 28
72 30
100 32
24 37
54 41
47 42
23 45
89 46
34 54
100 58
95 59
54 63
34 64
56 65
42 71
7 76
43 80
53 84
34 86
97 90
45 91
62 93
29 94
92 95
95 96
84 99
36
94 1
20 5
14 8
95 10
63 11
68 18
9 19
67 20
10 24
94 26
24 27
57 28
5 34
55 36
68 38
92 42
4 50
91 51
34 53
50 54
51 55
23 56
12 63
30 64
22 65
45 67
78 68
51 72
40 73
35 78
78 81
95 90
18 92
11 96
27 98
58 99
31
41 3
10 4
27 6
41 8
38 12
52 16
94 28
27 30
83 31
55 35
83 36
10 39
82 41
78 44
48 46
26 48
49 53
11 55
94 56
19 72
45 76
65 79
2 80
88 81
25 84
54 88
49 89
47 93
23 94
2 98
77 99
26
57 5
55 6
45 7
49 8
87 9
50 10
62 12
25 14
4 16
40 17
65 25
15 30
29 41
24 45
20 51
87 53
34 56
55 65
67 72
5 73
43 76
64 84
34 86
96 87
10 93
90 99
23
46 4
47 5
86 8
19 10
37 12
74 18
2 27
64 32
19 39
45 44
29 45
25 49
48 51
16 58
39 60
31 64
7 76
23 78
58 80
40 82
90 86
20 92
92 94
29
37 3
30 7
62 8
12 11
67 12
68 17
35 22
91 24
11 39
54 49
90 63
71 65
87 67
65 69
5 70
27 72
62 74
24 75
21 79
66 80
45 82
81 83
28 89
82 90
74 91
50 94
95 96
3 98
65 99
100
30
29 9
17 11
27 20
70 21
12 22
82 24
73 28
46 31
70 32
64 34
55 36
100 37
60 38
17 46
25 50
4 51
59 55
65 56
15 60
60 66
91 71
22 75
5 78
84 81
89 83
20 88
45 89
60 90
73 94
77 99
