100
100
3
71 19
1 26
99 35
6
91 32
97 33
12 41
31 53
66 83
85 93
2
65 32
46 74
5
48 1
62 16
28 18
39 39
3 48
5
5 14
68 20
77 41
24 60
18 82
3
88 34
14 48
20 92
2
83 11
74 44
2
32 73
23 98
8
24 6
55 8
66 27
91 37
22 40
98 42
74 64
31 97
6
72 16
38 34
51 39
30 56
86 79
89 82
11
89 2
48 15
98 26
27 51
64 53
58 64
91 70
81 72
41 76
75 86
98 94
3
82 24
97 48
32 64
5
87 25
6 56
45 68
3 78
49 97
3
34 4
7 9
85 13
4
31 8
16 59
18 83
21 96
4
58 1
40 14
98 18
1 89
7
70 0
79 33
9 42
61 46
27 71
93 88
88 92
4
44 6
82 30
36 61
12 77
3
96 21
96 65
36 76
4
95 45
88 56
19 73
99 99
2
9 7
72 15
7
53 9
20 23
15 46
56 56
36 72
69 87
100 98
4
96 15
91 45
38 65
36 94
3
38 27
1 31
41 56
1
9 72
5
84 5
2 33
9 45
34 67
26 76
7
86 1
81 8
4 13
22 14
27 33
1 44
53 57
5
8 3
36 4
25 55
22 80
90 94
3
97 49
46 89
17 99
3
39 3
75 38
72 89
3
44 47
17 48
17 83
2
72 14
88 65
2
76 24
72 48
3
56 16
33 55
25 70
4
3 28
49 62
35 78
95 81
6
14 4
86 13
69 25
95 48
22 64
87 70
6
79 8
75 26
87 30
65 46
33 66
47 71
1
27 96
4
98 19
52 29
35 56
42 69
3
9 31
62 47
94 78
3
14 14
35 82
85 87
5
57 16
50 50
8 57
3 62
82 63
3
64 37
73 63
5 98
8
73 5
79 10
35 12
92 20
28 40
33 73
6 98
73 99
3
67 29
40 39
37 92
8
4 1
68 2
28 27
79 33
89 47
95 68
100 80
20 83
4
54 5
75 39
85 72
3 81
3
43 44
43 46
15 48
1
32 88
4
49 6
53 60
18 62
65 81
3
30 7
33 56
81 92
5
98 10
31 18
98 51
79 83
27 86
4
30 15
33 36
48 44
69 57
3
72 7
97 30
52 45
4
79 25
74 50
7 54
94 76
4
80 11
14 50
55 55
91 64
6
93 34
59 39
18 64
48 89
11 90
5 92
8
1 1
2 16
22 27
60 45
87 69
30 85
60 90
86 97
3
96 48
60 62
53 84
6
54 44
27 59
44 83
70 86
44 90
95 97
4
19 18
6 48
71 58
30 99
7
42 17
86 24
61 37
6 56
99 69
34 75
76 88
3
79 26
47 48
34 91
3
1 22
70 33
90 91
1
72 23
1
87 31
4
7 0
49 36
96 84
40 92
1
96 86
1
99 70
6
55 3
25 16
36 36
96 55
89 94
70 99
7
89 16
6 17
61 47
86 49
60 67
61 89
24 95
3
25 14
6 51
7 66
6
40 2
33 23
78 28
81 43
56 76
23 86
1
88 44
2
84 41
45 63
5
83 4
44 21
41 69
79 86
99 89
4
61 15
14 18
48 70
72 98
5
83 4
40 41
45 51
27 56
58 71
5
71 43
41 52
56 66
94 71
94 98
2
98 9
12 56
6
22 9
63 20
34 25
6 31
25 47
76 74
9
60 3
55 14
7 18
75 38
37 54
90 58
4 82
43 87
45 95
5
1 5
60 23
50 34
43 79
63 90
3
61 31
29 83
51 97
2
93 71
77 90
0
3
39 1
20 51
33 88
1
46 88
5
32 17
19 25
33 44
31 64
34 65
3
70 55
3 73
13 75
2
33 35
45 82
2
59 13
8 96
4
18 24
92 26
98 51
54 94
3
90 32
5 76
70 90
5
13 8
24 23
38 28
82 29
23 71
4
3 35
92 41
86 43
90 91
3
64 2
35 3
3 64
4
40 10
48 36
97 49
41 93
8
31 11
28 32
7 47
73 48
21 63
62 75
13 76
10 93
5
45 7
4 9
56 11
46 34
88 40
100
4
10 15
91 37
56 44
19 94
