100
100
19
47 1
87 2
43 4
46 8
8 11
7 16
53 23
81 26
81 34
30 35
20 37
72 47
92 50
57 51
48 54
28 59
94 68
5 76
45 77
23
50 5
26 7
72 10
34 11
52 13
38 18
87 19
46 25
86 26
89 28
98 35
11 36
94 39
14 40
28 52
20 56
2 65
80 66
19 69
23 72
95 74
59 76
41 78
22
49 0
95 2
1 5
66 13
24 15
21 21
61 23
79 28
49 36
22 39
39 43
46 46
44 49
21 63
17 65
35 77
37 80
66 82
55 84
55 89
9 94
14 95
17
25 4
63 6
78 12
78 14
24 18
11 19
82 27
28 28
77 29
60 35
68 40
85 45
21 52
67 65
51 66
75 83
73 84
16
38 0
97 1
24 7
21 16
48 22
72 31
64 34
46 36
52 40
12 50
6 58
8 62
77 64
72 68
15 96
95 97
19
45 1
88 2
44 6
78 8
51 13
17 16
27 20
82 22
49 38
50 65
15 67
31 70
11 81
22 82
86 83
89 88
8 90
91 91
88 92
21
12 3
79 4
82 6
29 8
22 13
88 17
99 21
8 34
60 38
86 43
88 44
36 50
23 56
24 66
79 80
99 82
74 83
44 85
18 86
6 88
66 90
21
61 5
16 6
14 9
41 18
24 25
66 29
46 31
89 40
87 43
39 48
46 53
73 67
77 68
70 72
54 78
49 82
32 83
52 86
12 90
98 96
18 98
23
6 4
73 9
29 11
61 16
2 22
18 24
32 26
31 32
33 34
7 37
73 42
3 47
44 56
98 60
6 69
73 75
28 76
23 78
84 79
20 80
83 85
65 94
58 98
19
45 3
37 12
75 16
21 29
14 31
74 36
16 38
85 46
12 50
27 52
41 57
52 59
37 67
30 68
72 70
33 83
47 84
10 86
20 95
22
27 1
26 3
10 4
34 7
81 9
60 30
16 39
76 41
47 44
54 45
47 48
99 52
94 60
54 64
28 67
12 68
78 72
4 76
18 84
17 85
36 88
55 98
14
51 12
98 39
25 44
61 51
45 59
16 60
32 70
93 71
91 74
12 75
18 78
33 84
63 94
24 95
18
71 9
40 13
100 16
94 26
13 34
36 42
61 49
33 52
26 54
27 56
59 69
100 73
94 79
28 81
33 88
24 91
32 92
23 98
20
46 10
90 13
20 30
58 31
1 34
57 35
74 41
97 49
6 59
86 60
71 61
34 62
6 63
42 65
22 67
14 68
76 73
89 80
93 83
27 84
21
5 0
44 1
2 11
79 13
78 18
72 25
35 28
48 33
33 46
60 48
10 49
85 50
76 53
56 62
38 67
23 71
48 76
18 89
54 91
29 94
68 97
27
74 1
85 6
80 8
69 11
95 15
89 17
85 19
56 25
91 26
94 27
78 31
66 32
60 33
12 43
75 44
79 53
52 54
82 55
62 59
4 61
23 63
7 76
27 78
65 94
88 95
65 97
75 98
19
95 4
22 19
82 21
29 26
32 30
14 37
21 39
62 43
90 44
74 45
63 47
15 54
29 60
54 68
8 69
93 70
75 77
90 87
48 98
24
67 1
75 2
41 4
64 7
11 8
83 15
33 20
24 21
66 22
67 33
62 39
77 44
92 45
42 52
69 60
51 61
46 63
23 65
6 69
92 74
44 84
54 85
58 93
29 95
13
24 0
13 2
70 15
54 18
62 34
73 36
32 37
11 57
99 69
25 75
5 80
2 89
96 98
23
95 5
87 25
89 27
86 31
70 32
23 33
83 34
86 39
49 45
98 47
50 52
20 53
6 56
52 57
58 61
35 64
71 72
84 78
15 79
59 87
37 90
14 93
4 96
30
30 7
98 10
78 16
40 19
60 20
40 25
90 26
19 27
47 29
95 32
37 33
79 40
2 43
74 47
64 50
7 55
14 64
72 71
94 72
51 73
97 76
3 78
91 81
84 83
90 84
1 87
20 91
61 93
3 95
36 96
15
6 7
10 9
47 15
29 22
64 27
52 31
62 32
26 41
18 47
84 52
10 66
79 67
87 91
59 92
17 95
16
74 1
79 8
33 25
4 26
16 32
28 37
89 39
31 42
66 44
35 50
49 56
22 63
27 68
62 71
17 73
40 90
15
83 11
69 16
90 19
55 21
2 29
24 35
96 41
98 44
13 57
7 59
8 69
14 77
5 85
99 90
24 99
25
51 3
78 6
16 13
78 14
52 21
2 23
57 24
27 33
37 35
15 46
15 47
66 50
70 66
73 69
78 75
28 77
73 81
76 85
89 86
90 88
15 92
49 93
48 94
99 95
45 96
27
23 2
59 4
48 7
3 9
48 13
49 21
6 27
23 36
71 41
92 42
92 49
48 57
82 60
81 65
16 67
6 70
95 71
14 74
34 78
24 79
15 80
11 87
49 90
29 91
35 94
34 97
56 99
17
51 5
12 9
90 13
48 15
3 18
79 23
45 38
96 40
43 41
66 43
88 45
100 56
2 58
56 63
54 64
4 67
73 96
22
90 2
73 11
33 14
88 17
18 18
9 22
71 33
20 38
71 44
88 46
28 50
11 54
6 56
80 60
86 72
92 74
90 75
68 80
89 84
57 85
4 89
74 90
13
55 9
50 14
97 23
42 55
37 56
18 59
55 69
97 77
100 86
19 87
17 88
46 90
5 92
20
10 2
18 4
74 5
30 7
97 18
84 20
73 22
57 39
84 46
10 55
84 59
94 66
36 70
45 72
66 73
6 74
20 80
8 86
30 92
91 99
23
35 1
23 4
84 5
47 7
92 12
8 16
75 17
99 25
92 29
11 32
52 38
88 43
11 49
79 50
98 51
3 57
72 74
47 78
61 84
60 86
38 91
18 96
46 99
18
25 0
51 6
55 7
21 8
59 13
96 17
8 21
59 25
78 29
60 31
19 40
34 45
40 47
67 48
7 58
1 76
41 82
44 97
16
10 17
45 18
53 21
3 27
20 29
16 34
33 37
45 39
85 54
92 55
60 76
48 85
63 87
23 88
24 92
79 97
17
20 2
75 20
52 21
41 24
51 26
19 29
89 35
30 43
38 45
61 47
24 52
32 57
70 68
71 84
3 88
20 90
69 95
21
65 2
3 3
36 11
68 12
59 17
82 28
61 29
80 31
58 34
91 35
34 37
12 42
49 48
32 52
80 53
36 55
34 58
85 65
66 68
99 76
62 92
25
39 1
18 3
34 11
46 12
46 15
25 16
90 17
76 18
9 23
18 32
43 35
94 36
21 41
46 44
73 45
1 65
14 67
48 69
35 73
20 75
31 77
2 84
3 87
63 93
57 98
24
34 1
73 3
75 4
46 16
74 30
55 31
66 32
71 34
66 39
2 46
22 49
41 51
17 52
2 61
17 63
94 65
16 67
1 70
77 71
34 72
49 77
60 80
97 82
34 86
17
89 5
3 6
6 11
66 13
42 17
3 23
58 29
31 31
2 32
26 38
79 63
83 77
70 80
73 86
59 87
72 90
83 94
24
50 0
78 6
58 7
83 8
34 23
24 24
80 29
86 31
50 32
9 34
35 41
8 45
88 47
56 49
52 50
32 63
82 67
86 76
24 80
64 82
97 85
55 86
55 90
68 95
26
58 1
58 3
88 4
19 13
99 18
77 23
86 28
32 30
61 32
25 35
66 36
78 38
75 51
96 52
28 53
33 54
84 66
82 74
69 75
87 76
96 79
29 80
69 87
95 90
17 93
92 94
27
31 3
91 7
30 8
24 9
34 15
60 16
20 17
52 21
47 27
33 28
13 30
78 36
41 41
61 46
41 50
60 61
80 70
42 71
3 73
83 75
77 76
96 77
67 79
5 84
6 88
74 90
15 94
26
32 0
74 4
10 9
40 12
31 18
24 24
93 30
79 32
77 36
73 38
32 39
69 41
41 48
36 53
41 60
21 61
13 65
26 69
79 74
86 77
87 78
80 80
21 86
33 92
70 93
64 98
13
64 4
77 25
1 36
28 42
80 45
26 46
9 48
7 51
96 53
58 54
3 59
67 64
94 66
15
64 2
92 3
12 6
98 10
18 20
29 22
13 25
56 41
12 47
53 54
48 62
79 74
100 90
49 91
19 98
20
45 6
83 8
78 15
96 30
74 32
89 33
98 42
90 54
22 56
97 58
70 60
24 64
37 71
83 72
32 73
69 80
52 87
98 91
83 94
55 98
23
89 3
30 12
46 15
77 24
19 31
18 32
19 33
47 35
97 38
92 39
47 47
94 51
20 53
52 54
89 61
28 66
55 75
33 79
5 80
2 83
80 88
42 97
60 98
22
74 2
67 5
99 18
62 30
65 31
16 33
14 34
95 36
74 37
51 40
98 42
31 43
92 47
55 51
78 58
78 60
45 65
62 73
70 81
11 82
47 89
51 99
19
71 3
70 4
55 14
40 15
16 19
5 22
4 23
77 48
15 49
89 50
39 60
39 61
31 64
21 65
18 85
39 86
16 87
95 88
27 89
18
89 5
97 11
38 15
60 17
55 21
8 25
11 27
45 33
15 39
9 43
79 50
14 52
3 56
21 62
95 75
60 91
71 95
16 97
22
9 0
36 1
34 4
7 16
95 17
21 19
86 22
51 25
66 34
52 38
78 52
9 56
44 59
56 65
57 71
52 75
18 76
55 79
9 80
46 82
67 84
15 94
16
14 8
36 10
21 12
54 18
1 20
23 22
42 25
18 32
78 35
59 63
77 72
3 73
32 86
85 90
87 93
16 94
17
92 9
13 10
2 12
88 13
34 14
76 18
33 22
82 26
39 38
92 49
49 60
37 66
26 74
96 82
2 88
51 91
18 92
18
78 3
82 4
86 18
59 19
87 44
19 52
47 55
34 58
51 62
50 68
66 71
84 72
19 78
39 81
46 83
19 86
17 91
39 97
14
47 8
18 10
84 17
96 22
59 28
60 29
27 36
48 46
4 49
78 61
77 67
41 80
20 84
97 95
22
42 10
80 11
29 13
2 15
94 17
19 23
3 35
87 42
93 44
7 48
90 50
89 57
68 58
49 63
52 64
86 72
95 76
5 77
12 79
59 80
2 83
75 99
19
11 10
42 15
89 20
79 25
87 38
10 39
99 46
25 47
71 63
10 64
48 67
41 70
61 73
34 74
60 78
9 87
29 92
95 94
60 95
21
25 10
46 12
65 14
46 15
77 17
44 23
48 29
30 38
29 43
7 49
16 51
41 58
69 65
86 66
51 74
55 75
40 76
90 81
29 84
17 85
41 86
17
96 3
97 15
61 21
91 22
95 38
27 43
88 50
12 53
14 63
12 70
92 71
98 72
34 84
46 88
12 90
8 91
100 96
24
98 8
6 9
17 10
28 15
63 19
25 39
88 45
24 50
71 57
15 59
15 60
32 61
93 65
68 67
48 69
14 76
59 79
73 81
43 83
63 88
20 89
49 94
31 97
100 98
15
38 9
36 11
22 16
98 23
49 27
86 33
99 36
44 47
100 58
86 66
20 69
78 71
58 73
23 94
55 97
24
65 3
32 5
48 7
66 8
54 11
55 17
6 25
94 26
81 30
58 31
9 36
76 38
83 40
5 46
36 64
15 68
78 69
69 71
9 72
18 73
19 83
53 88
92 90
26 92
19
60 3
100 7
56 8
94 11
54 20
34 27
75 29
19 33
100 37
52 40
46 49
23 52
52 56
2 70
47 73
83 82
25 86
44 90
55 97
23
30 7
97 10
53 15
37 17
67 22
69 24
53 27
75 29
59 33
1 39
45 45
94 48
94 54
70 59
37 61
48 62
34 63
77 64
52 74
16 78
63 82
2 83
74 84
14
12 6
6 19
52 41
10 49
78 66
72 72
74 73
70 75
83 78
6 79
1 82
67 90
21 94
86 97
19
27 5
69 17
29 26
61 32
27 46
48 47
52 49
87 52
36 53
3 58
59 60
15 68
43 75
80 85
11 93
91 94
60 95
63 98
5 99
21
29 3
65 4
54 5
82 8
42 10
60 14
51 15
38 23
58 26
19 42
93 53
51 60
99 63
52 65
57 67
37 75
66 76
68 80
18 81
76 96
78 98
21
21 18
85 25
79 27
75 31
53 32
19 42
65 43
12 46
5 49
55 51
31 57
23 61
43 63
35 70
37 73
51 83
3 84
25 86
100 87
42 92
14 93
25
98 0
25 2
47 12
56 13
65 15
14 16
79 23
21 24
20 25
83 27
85 29
77 45
72 46
45 49
99 50
39 52
11 55
3 59
99 60
15 65
1 69
17 74
50 75
79 79
33 92
16
40 1
66 2
40 22
8 28
65 43
54 46
31 53
43 67
73 69
73 81
18 85
65 86
66 87
8 88
64 89
99 93
22
93 0
100 1
7 4
58 5
54 10
93 13
22 14
27 16
97 23
95 26
81 27
70 31
31 36
17 49
82 57
81 59
9 66
86 90
9 92
94 95
29 97
90 99
16
63 6
76 10
13 21
71 22
32 24
96 32
71 46
27 55
5 62
31 67
55 74
20 76
45 88
61 89
40 93
11 98
12
32 17
1 35
29 43
58 48
73 56
75 57
44 61
30 72
19 77
24 79
83 85
23 97
25
41 6
21 13
22 15
44 17
83 18
36 21
80 22
11 23
46 25
84 26
30 29
92 32
25 41
47 48
63 60
20 65
69 66
48 75
58 79
91 86
64 93
66 94
50 95
46 98
87 99
20
66 1
41 2
53 6
85 14
38 15
83 27
57 33
16 35
10 42
67 53
31 54
20 56
45 66
90 67
33 72
20 77
38 80
17 91
80 92
51 95
17
86 9
51 18
43 20
36 23
13 35
4 57
75 60
66 62
27 64
6 67
27 68
40 72
47 87
62 93
58 95
85 98
22 99
20
76 0
91 2
11 10
19 13
34 24
79 26
12 37
70 38
47 39
72 40
94 42
35 56
60 58
87 60
12 63
78 66
11 86
25 92
84 97
25 98
14
81 1
66 2
70 17
40 20
8 23
74 28
14 31
79 47
65 50
4 51
33 68
74 70
22 71
1 81
21
34 0
56 1
31 4
66 11
48 13
88 31
23 32
90 37
61 41
80 43
12 57
45 60
55 62
48 65
91 69
15 70
64 76
18 81
9 87
53 89
54 94
23
90 1
65 2
21 3
30 4
94 15
58 21
50 23
8 37
55 40
87 42
54 45
38 47
44 50
64 52
43 56
85 60
58 62
97 69
95 72
80 74
34 84
33 89
25 92
16
61 11
49 12
14 23
77 34
49 40
66 41
66 43
15 45
41 49
37 56
77 62
50 77
15 82
47 83
56 90
47 97
17
27 8
96 10
53 17
59 19
78 22
81 36
24 37
30 39
21 40
19 42
51 49
71 51
73 52
73 72
97 74
71 85
30 89
19
57 0
46 2
30 3
12 5
59 7
60 22
14 26
6 36
32 59
39 63
28 65
79 67
96 68
46 70
13 74
68 79
91 87
60 89
89 96
24
80 2
30 7
29 11
24 15
51 19
51 22
15 25
87 29
12 31
13 32
44 38
27 39
91 43
83 44
90 47
83 55
70 64
39 66
36 67
98 77
77 79
77 85
84 90
76 97
25
97 4
33 5
70 7
75 9
16 10
43 15
80 20
58 21
28 22
39 28
41 29
68 32
17 34
82 47
4 50
42 55
23 63
20 64
36 69
35 75
46 78
62 83
23 84
24 88
7 93
31
68 1
61 2
6 8
59 10
20 12
54 17
16 25
83 26
49 29
93 30
72 31
22 32
35 35
62 38
20 39
82 43
47 46
81 53
93 59
50 60
7 61
20 64
65 66
2 72
53 73
67 83
59 87
64 89
67 92
55 95
52 99
19
54 1
50 2
28 5
53 10
31 22
25 30
78 31
50 35
32 39
75 47
86 48
43 60
77 70
24 72
33 84
48 86
38 89
6 97
77 98
25
4 0
88 1
53 5
79 12
33 17
32 25
59 29
29 30
76 38
45 48
20 49
57 54
64 58
2 64
14 65
80 66
15 69
74 71
19 81
59 82
35 85
58 87
20 95
62 98
70 99
26
73 0
2 5
10 6
68 9
4 14
83 16
69 18
46 22
26 25
91 31
74 33
49 34
95 45
62 49
80 50
67 57
84 61
96 65
96 68
46 69
100 78
20 82
67 85
53 86
7 91
91 99
16
42 0
77 3
69 4
99 12
19 20
85 35
78 40
88 66
9 72
89 73
71 78
93 79
17 82
94 84
5 88
62 95
27
50 1
28 2
51 9
98 19
77 29
15 32
66 36
63 37
26 40
4 41
86 44
91 46
2 53
24 54
91 60
43 61
60 63
28 68
18 73
47 74
83 80
91 81
69 86
55 89
100 92
28 97
92 98
18
43 4
79 10
59 24
99 26
37 44
100 46
66 48
90 66
68 67
36 68
59 70
36 76
69 80
58 83
86 91
78 94
17 98
15 99
13
43 3
90 4
7 9
8 17
97 18
38 28
62 31
85 54
15 55
28 59
36 62
46 76
76 95
16
55 1
24 5
54 10
6 35
86 39
8 40
59 44
61 51
33 59
11 64
68 71
84 75
83 90
85 94
84 95
36 99
17
87 11
15 23
59 24
25 25
7 29
6 36
10 37
1 47
15 48
90 54
100 58
25 61
60 70
94 79
39 87
97 90
36 97
18
92 2
11 10
83 14
54 20
23 27
45 29
31 30
99 33
36 42
82 44
60 48
89 50
47 51
2 54
77 63
19 77
41 82
21 93
14
89 19
17 32
80 39
22 42
73 51
6 54
80 60
30 63
89 71
18 82
67 83
8 84
21 91
71 99
18
72 1
88 2
20 8
62 10
1 24
36 32
57 33
82 41
98 42
28 44
40 48
100 51
78 53
50 72
54 77
75 84
21 85
7 95
23
76 2
56 7
60 8
86 9
9 12
39 13
69 18
56 21
7 22
20 23
10 28
1 29
77 32
66 40
24 48
29 51
39 53
31 68
1 78
29 88
18 94
6 95
84 97
27
9 1
97 2
52 7
66 8
27 12
87 14
29 15
76 16
79 17
50 21
99 22
32 23
80 24
32 30
59 35
83 44
2 46
54 49
11 52
55 55
51 56
7 57
59 62
69 65
48 76
18 82
85 95
19
18 10
64 18
46 20
22 21
90 35
47 37
66 40
89 42
87 43
39 51
23 54
67 57
76 66
27 69
77 73
24 81
46 83
2 87
81 88
100
20
35 11
87 13
48 14
51 31
29 32
95 39
82 44
37 45
59 46
21 48
32 50
34 52
82 59
75 61
74 72
52 79
48 85
43 87
88 93
95 95
