100
100
11
60 9
72 27
44 28
7 38
5 45
11 46
7 47
26 59
2 62
55 70
24 98
9
91 3
48 19
53 54
28 57
95 75
29 83
2 85
55 86
88 94
7
83 19
39 47
42 49
74 63
46 79
76 90
97 97
8
22 10
11 11
89 14
46 30
50 59
5 85
42 88
16 91
5
88 8
84 16
27 17
6 48
86 68
6
29 16
39 32
52 44
22 64
30 66
82 68
8
99 2
61 14
22 21
71 37
84 50
71 65
86 70
37 89
10
2 7
57 26
28 27
52 31
88 32
4 40
94 53
89 56
76 73
54 95
4
4 6
68 7
93 29
97 72
9
96 9
49 12
27 25
50 26
10 43
58 51
35 54
11 70
16 79
12
12 19
77 24
78 26
52 28
9 40
39 43
85 53
52 56
52 61
19 67
20 68
9 71
9
39 17
74 36
32 38
6 51
58 61
80 74
97 77
38 86
9 87
11
55 1
11 9
53 18
95 26
50 30
62 44
69 52
47 58
34 69
12 75
18 94
11
27 2
33 16
79 18
7 41
91 42
60 43
73 47
53 51
92 54
54 74
83 97
8
20 0
45 19
14 46
54 53
17 64
20 78
57 87
10 88
8
6 3
7 27
40 30
15 35
78 39
21 48
85 66
54 73
5
75 5
13 14
45 26
60 48
68 78
10
17 0
17 9
98 23
45 33
67 38
30 42
86 47
35 52
82 66
79 78
8
23 6
100 13
88 17
90 24
8 28
81 60
17 72
27 89
7
98 34
84 36
74 66
78 70
13 72
29 73
7 98
12
61 4
26 16
59 35
73 36
24 37
85 40
85 54
81 57
39 62
35 63
83 65
55 96
7
26 12
70 30
94 39
35 55
40 61
39 62
80 68
6
3 14
86 15
7 20
38 28
51 42
50 93
11
20 3
23 5
48 10
6 21
50 26
17 65
75 66
15 67
44 78
13 91
95 97
11
84 14
93 20
4 21
20 25
91 27
5 37
99 38
35 61
29 64
9 75
73 88
14
42 14
49 21
9 26
81 30
35 46
85 67
45 69
65 75
28 81
97 86
38 88
85 89
60 91
42 97
10
39 18
47 29
57 32
89 42
39 47
58 52
45 58
85 59
67 73
10 92
8
96 17
80 40
84 46
13 52
44 56
55 63
87 66
18 75
8
86 3
88 9
48 27
61 39
66 52
82 53
45 60
64 97
4
28 9
14 19
19 28
82 42
6
43 2
6 8
32 12
10 27
37 82
70 91
8
88 3
86 9
10 25
12 46
78 63
40 91
45 93
22 96
5
22 15
61 21
9 24
44 35
99 55
10
73 18
26 20
95 28
83 33
40 46
16 47
47 59
30 82
46 84
34 86
6
79 1
18 19
32 21
56 39
61 55
61 63
12
97 6
60 8
79 9
40 22
22 30
99 32
33 43
35 45
87 47
28 51
35 63
21 99
10
60 4
9 19
14 26
78 37
39 41
91 43
3 83
69 90
11 91
57 92
12
96 0
97 2
26 16
63 39
41 43
59 69
37 70
7 76
91 79
71 83
90 84
63 85
5
48 1
85 2
9 8
18 53
90 65
7
5 1
57 2
49 8
74 11
58 13
54 41
24 81
6
25 8
60 9
33 28
33 31
76 44
14 94
12
50 3
71 7
48 21
53 23
48 49
35 68
69 70
38 71
41 83
98 88
59 91
94 93
7
94 22
63 25
41 41
72 49
90 63
81 66
29 76
3
97 8
29 38
33 73
6
12 19
94 28
9 48
71 54
2 73
99 74
4
58 4
1 18
54 54
27 80
5
67 0
67 19
5 23
15 28
95 72
10
77 3
71 7
72 10
31 13
4 27
25 28
16 66
81 83
11 84
53 90
9
90 45
58 54
62 55
5 64
71 69
56 72
27 74
26 75
17 91
12
35 0
2 5
89 7
98 22
75 23
81 33
84 42
79 45
10 54
47 59
80 75
89 97
8
76 3
39 21
32 33
25 36
76 46
20 51
95 76
12 99
14
18 14
86 18
93 20
70 35
37 36
88 45
51 63
52 64
75 79
34 84
61 90
48 93
30 96
59 98
6
30 46
88 52
12 73
60 77
3 83
82 88
9
19 3
98 7
16 24
44 28
34 31
60 49
26 53
97 78
87 91
15
80 8
62 11
64 15
56 30
27 32
53 38
29 39
42 41
63 47
99 52
94 54
49 70
45 80
45 84
56 96
9
26 0
75 4
32 5
49 8
31 16
45 18
42 57
93 66
5 83
9
28 5
19 22
11 28
19 35
68 36
78 43
82 63
29 68
39 91
2
4 73
46 92
10
23 0
38 8
57 47
65 54
99 59
77 61
96 63
53 77
66 90
39 99
9
22 3
22 12
62 16
24 39
47 47
91 48
11 50
28 69
52 93
11
75 6
60 9
13 38
68 48
92 57
80 68
7 69
5 75
47 82
43 90
51 93
6
47 0
64 7
81 14
56 19
6 24
100 50
7
84 12
41 15
100 16
97 42
32 70
55 74
11 77
7
88 7
51 16
10 23
33 30
2 32
78 44
15 59
7
37 6
5 21
85 39
57 42
19 45
51 86
82 95
11
64 16
37 35
74 40
28 47
84 50
3 52
8 56
25 64
23 68
30 73
37 81
6
21 4
63 28
71 49
99 74
84 82
62 94
9
31 16
90 21
19 22
74 33
58 35
31 50
82 62
83 65
89 93
8
29 12
33 27
95 36
5 37
67 52
79 79
95 85
37 97
8
30 12
52 24
63 25
76 29
48 61
91 65
17 80
80 90
9
97 11
87 22
14 30
67 40
16 49
42 62
10 71
75 88
15 95
4
34 20
75 58
78 60
93 92
6
36 13
75 48
5 51
78 54
37 70
15 88
11
91 19
29 29
92 30
39 33
42 36
73 37
47 63
19 66
14 69
79 74
89 84
5
48 2
29 38
99 67
59 75
30 88
10
30 15
37 20
91 22
79 25
43 39
46 45
30 51
52 74
43 84
19 99
6
98 2
4 17
56 60
46 72
11 74
33 90
6
6 9
27 11
1 49
59 65
7 68
69 74
8
65 15
93 25
13 26
69 61
5 62
99 76
89 80
87 83
3
45 29
41 88
37 92
8
23 5
34 12
11 27
91 55
93 56
82 59
3 78
13 85
7
82 25
97 42
14 51
61 75
86 89
4 91
61 96
6
75 6
61 19
41 29
44 38
93 51
4 95
3
82 26
78 39
12 53
7
49 13
40 24
65 42
81 44
34 71
13 80
98 82
10
70 0
37 6
25 50
94 53
26 55
99 56
48 80
48 83
23 91
23 92
3
19 32
79 69
46 71
13
26 7
51 8
21 10
90 15
69 29
83 34
67 52
51 61
59 81
98 84
100 91
23 93
30 94
11
47 1
87 6
2 22
9 24
90 31
67 42
18 48
98 52
72 74
7 88
43 91
3
81 13
76 28
36 41
8
12 16
38 34
51 47
42 54
26 65
7 70
12 90
80 92
6
76 0
44 2
39 23
24 25
82 39
50 67
7
87 8
93 27
22 39
77 46
60 68
100 89
78 94
11
17 12
11 13
52 26
45 47
25 51
100 56
57 74
74 76
42 82
19 90
59 95
11
83 5
1 8
48 49
65 52
16 56
36 60
61 62
46 77
85 87
94 89
52 95
11
100 21
38 22
35 33
79 36
23 50
55 53
31 66
18 75
40 83
12 87
72 91
6
49 2
25 7
11 22
71 47
25 68
19 85
4
42 0
89 28
11 64
91 81
6
25 39
72 60
34 66
68 71
3 73
20 88
8
24 3
6 25
65 29
96 56
21 58
31 70
32 83
57 84
100
8
74 7
79 26
99 29
29 30
69 48
62 53
24 61
37 84
