100
100
0
0
0
0
1
81 77
0
1
37 25
0
1
69 21
0
1
57 90
1
34 6
0
0
1
66 56
0
2
14 2
92 20
0
1
72 97
3
77 11
35 29
81 58
4
74 10
40 17
46 29
95 47
2
84 65
3 84
2
49 16
2 26
0
1
93 44
1
61 99
2
25 23
58 65
1
58 1
0
1
39 30
1
35 93
1
12 83
4
37 41
21 47
3 56
88 70
2
55 6
38 47
3
62 43
3 65
45 66
1
56 5
1
28 26
2
69 62
3 92
1
42 85
2
9 20
13 81
1
87 19
2
38 49
99 54
1
46 47
2
32 82
21 91
0
0
3
85 16
99 23
16 92
0
1
28 19
0
1
89 74
1
7 57
3
13 58
39 86
88 95
0
2
94 6
12 60
1
50 61
1
84 2
0
0
2
20 32
47 79
2
18 4
85 5
1
12 21
0
0
2
7 27
37 70
0
0
0
1
72 46
0
0
0
0
0
3
62 67
38 70
39 81
3
9 16
37 28
93 32
1
43 15
1
37 76
1
53 49
0
1
32 80
2
66 33
91 62
0
0
0
3
86 15
67 32
4 36
0
0
2
90 47
38 84
2
4 44
91 85
1
58 25
0
1
20 51
1
24 51
0
1
16 88
1
53 85
2
17 9
28 11
2
29 61
73 76
1
76 76
100
1
36 20
