100
100
9
6 1
17 2
67 21
17 46
2 54
23 64
54 72
82 76
20 78
4
32 24
2 37
63 83
22 97
5
16 0
89 13
87 43
86 69
62 74
10
18 14
80 28
66 33
1 45
56 55
23 76
71 81
92 84
50 87
14 91
7
38 22
1 28
27 34
20 44
50 80
6 86
26 93
8
66 7
69 16
27 26
97 29
58 31
43 49
59 54
87 70
4
77 0
49 33
30 35
82 43
9
2 5
68 31
83 32
19 34
7 41
44 42
92 67
28 70
37 75
2
93 18
92 74
7
42 13
93 36
24 41
65 79
24 85
10 91
96 98
6
18 1
69 27
52 37
24 55
46 67
29 82
4
70 17
62 30
79 55
70 94
6
42 19
12 25
37 35
16 40
2 42
45 94
7
65 0
39 5
13 15
69 43
21 52
60 75
51 78
6
97 15
49 39
3 61
2 64
84 85
80 97
5
41 4
86 51
40 61
32 63
100 77
7
95 0
1 49
90 50
54 54
63 57
48 69
37 99
7
51 24
10 37
7 38
91 50
66 52
43 68
23 70
5
71 18
50 21
12 39
34 91
61 95
3
65 30
51 52
67 98
8
68 11
16 15
89 18
95 20
73 65
60 78
27 91
43 94
2
50 52
56 74
6
24 10
62 11
71 16
19 19
14 40
32 82
5
3 32
16 42
97 60
82 66
77 88
8
45 1
76 17
30 21
4 23
1 29
29 47
40 78
21 95
8
95 31
49 45
63 47
37 49
29 50
62 55
89 59
94 63
7
36 29
67 45
29 54
22 78
29 81
74 84
58 86
6
52 8
78 12
1 43
58 58
27 61
88 66
7
39 28
80 63
14 72
66 79
93 81
14 95
32 97
1
91 57
8
59 1
16 6
33 23
52 48
53 60
50 72
14 79
91 86
5
63 27
59 62
66 68
48 87
46 92
6
39 33
2 41
97 57
97 83
23 87
89 94
2
23 30
52 76
10
30 12
64 21
77 34
43 35
81 39
62 41
85 44
44 59
83 84
47 91
3
52 17
38 38
26 46
8
8 12
14 15
76 21
80 27
97 54
62 89
59 90
42 97
8
8 7
2 22
1 34
96 55
13 76
54 77
33 82
61 83
6
33 11
63 28
92 36
27 39
19 45
14 92
7
27 11
65 24
73 25
72 33
73 75
77 83
2 96
3
65 8
14 9
51 78
4
85 42
61 75
99 90
34 97
9
91 20
43 31
34 33
53 51
23 57
5 66
14 78
64 83
2 88
4
45 0
11 26
75 82
88 92
4
51 23
97 73
83 94
93 96
2
13 27
63 80
3
43 8
8 65
37 93
6
46 26
9 43
59 44
99 66
17 73
35 81
6
15 20
42 29
54 32
87 34
47 41
49 82
5
62 14
17 28
73 43
21 63
79 70
10
58 8
27 11
73 19
53 63
69 74
41 76
26 78
65 84
96 85
90 97
5
91 10
76 60
37 75
44 76
47 91
6
19 9
40 29
2 55
34 64
59 67
13 70
8
11 23
55 26
60 57
35 63
13 80
18 89
81 93
6 97
11
96 2
87 21
71 28
4 31
98 41
28 43
11 44
92 47
43 61
26 66
81 79
5
25 5
70 17
18 18
1 82
22 89
5
45 9
66 18
57 33
26 43
83 88
6
71 23
41 24
53 26
30 44
42 74
64 80
6
69 2
53 12
15 52
80 85
29 94
70 97
12
24 5
58 11
25 19
22 20
53 26
7 31
88 53
49 54
62 57
84 79
42 89
65 97
5
76 26
79 47
12 67
91 74
29 83
9
57 10
31 16
21 28
22 46
50 51
84 58
80 60
90 69
18 99
7
67 4
18 11
93 22
82 39
11 58
49 61
24 80
4
28 5
41 18
49 24
47 68
5
96 1
58 24
27 38
25 75
8 97
5
77 59
46 63
39 64
94 65
88 86
3
79 28
59 43
42 92
12
72 2
28 8
7 13
92 14
65 23
88 24
82 52
31 57
54 65
54 79
47 85
52 99
4
7 12
95 32
90 50
71 98
5
34 27
76 38
49 56
88 79
10 93
4
34 7
17 20
76 71
83 87
5
74 23
67 65
45 90
35 93
99 96
8
19 47
23 63
62 71
69 84
55 85
15 89
82 93
95 99
4
10 23
38 36
86 49
57 63
10
13 12
9 13
48 14
2 18
34 29
57 36
5 46
47 78
34 91
76 96
6
78 1
70 36
34 71
28 74
50 86
100 97
5
72 1
34 37
14 84
78 86
32 89
6
64 9
27 24
3 25
63 46
25 88
50 99
5
4 10
56 22
55 34
68 46
90 73
6
29 20
82 40
78 43
60 52
14 57
13 87
10
57 10
34 11
48 14
34 32
74 36
16 43
34 66
44 81
94 87
68 98
7
93 10
52 16
12 17
79 27
57 81
54 87
47 91
7
100 19
30 48
67 49
9 54
28 71
42 79
13 91
8
83 6
13 20
34 46
94 51
68 58
77 85
73 86
36 93
2
6 0
26 19
5
73 4
60 15
95 35
43 64
31 76
3
20 35
61 51
56 70
6
52 1
26 21
68 44
14 81
53 83
3 92
4
38 16
75 28
85 82
6 86
7
83 2
97 23
36 24
10 60
46 62
84 63
30 74
5
42 2
17 5
64 71
39 74
92 89
4
43 1
2 15
40 45
57 82
12
28 1
10 6
72 14
9 35
6 36
79 47
84 59
8 64
6 72
75 82
55 85
60 95
8
31 2
11 14
75 28
31 30
50 39
89 77
78 81
43 88
4
83 27
42 54
14 65
77 70
8
89 17
30 34
81 35
6 49
86 52
4 76
28 83
60 89
5
74 17
88 30
16 54
47 83
92 97
5
100 14
81 58
74 78
91 87
10 95
7
7 15
34 21
9 32
42 42
68 45
50 71
65 82
3
72 31
18 37
86 39
100
6
4 20
69 32
3 45
36 49
88 75
66 86
