100
100
14
69 4
75 19
25 35
8 36
63 37
92 40
49 54
12 55
90 71
56 72
64 77
15 86
44 87
95 98
5
81 19
4 23
47 46
4 62
80 89
13
75 12
44 19
67 24
51 30
99 41
14 43
90 49
35 53
74 57
23 58
80 65
68 70
47 79
13
34 16
54 26
2 29
31 36
72 42
5 46
74 56
25 57
13 61
92 62
63 78
46 82
62 97
8
85 21
31 52
99 59
87 80
13 84
35 86
69 87
54 88
5
85 9
95 21
16 36
18 81
47 84
12
83 1
96 7
47 14
47 36
40 38
45 41
92 55
58 73
7 82
21 85
60 87
61 91
6
70 8
74 11
74 12
73 19
87 61
1 91
9
5 21
57 31
38 33
47 37
66 44
28 75
81 82
2 84
81 97
5
72 17
41 35
39 40
41 69
22 92
7
53 0
48 11
19 18
78 23
34 29
69 63
38 70
12
76 9
19 16
63 24
65 26
19 37
4 38
14 40
12 44
28 65
60 66
6 75
44 81
6
95 9
43 25
24 30
25 57
35 76
93 78
12
62 9
21 19
37 20
59 26
31 28
37 31
47 53
19 54
33 58
72 61
77 70
45 96
6
1 0
88 21
18 33
21 41
17 57
80 88
13
76 0
80 8
87 10
95 21
53 34
6 41
99 44
68 50
26 53
38 73
50 80
89 83
22 97
12
83 19
55 21
15 27
35 42
16 48
40 49
69 60
31 66
18 68
92 80
47 82
96 92
7
47 2
33 49
1 50
95 60
72 73
17 77
91 98
10
55 11
58 30
76 34
20 48
68 70
64 71
73 82
27 89
40 90
21 94
10
97 6
22 9
5 11
78 18
27 26
86 38
39 56
7 77
73 79
26 90
9
96 5
2 15
24 20
58 24
50 25
51 26
30 27
90 32
58 98
9
19 23
50 24
1 37
31 55
24 56
38 79
15 84
57 88
64 90
7
17 2
60 19
45 26
75 51
39 62
66 64
87 67
8
55 2
48 12
29 13
98 45
29 46
79 59
95 84
44 89
14
52 8
60 23
55 25
65 33
59 35
52 39
41 41
86 44
78 45
69 59
9 68
51 76
64 77
83 95
8
77 31
12 42
60 62
50 70
41 78
4 85
48 93
44 97
15
63 1
70 37
47 42
65 45
8 60
48 64
59 66
61 68
59 74
33 77
38 80
88 85
33 86
3 91
79 95
10
73 2
13 6
3 18
92 31
41 37
58 38
60 52
33 55
53 79
95 98
15
97 3
48 8
94 10
78 15
34 17
92 20
62 33
1 35
81 42
9 50
1 55
98 56
38 62
80 73
8 89
13
75 9
16 12
86 23
73 35
66 41
32 45
13 52
83 67
34 76
94 77
68 80
23 87
28 94
13
11 2
57 4
27 7
23 10
37 13
34 33
35 34
46 36
82 39
83 65
91 71
28 72
16 80
7
39 3
12 29
23 39
14 50
67 74
98 88
12 92
11
35 17
72 26
13 30
65 34
2 38
28 43
48 59
44 71
89 78
11 88
51 93
6
9 34
94 36
1 40
87 46
15 91
32 98
10
53 11
51 21
63 28
39 30
25 43
13 46
50 63
74 76
88 83
50 99
10
55 5
80 11
83 14
33 17
73 30
67 57
85 59
83 70
85 89
56 96
10
19 16
2 18
82 38
84 56
59 60
79 62
93 68
8 71
72 73
86 98
8
64 0
97 24
27 29
48 34
84 55
4 61
47 62
5 70
11
81 0
83 4
8 22
18 26
39 28
32 39
84 46
58 67
40 80
51 84
82 92
7
94 11
72 18
39 23
8 26
2 38
72 60
79 73
20
4 3
38 5
77 10
48 13
59 16
79 20
35 22
72 25
58 26
50 38
43 40
46 44
2 62
43 65
32 75
27 79
27 80
63 89
21 94
89 99
13
41 1
67 3
24 7
56 10
100 13
78 14
19 21
55 37
81 40
46 42
64 64
100 78
31 85
4
8 24
8 25
14 61
75 88
7
95 12
40 17
65 39
90 43
17 72
42 97
52 99
6
99 1
85 29
44 34
31 55
93 93
71 95
13
74 11
58 17
9 27
10 36
62 40
86 41
57 55
38 70
85 71
67 79
28 86
61 91
66 94
11
35 5
68 6
83 39
4 44
62 47
75 61
18 63
41 81
71 89
7 91
74 98
6
5 20
57 37
5 39
16 57
72 78
97 90
8
73 7
87 20
6 24
51 71
10 74
30 79
18 91
50 99
11
28 20
10 25
81 35
90 48
74 51
88 67
4 70
87 80
17 81
45 89
49 96
6
65 21
23 32
67 33
78 46
47 71
77 74
11
42 11
7 17
77 22
22 56
64 62
90 69
62 72
99 75
18 76
57 84
82 86
15
62 0
10 16
8 26
11 27
20 29
91 30
18 32
3 37
39 38
49 43
83 59
42 65
51 79
74 81
11 97
6
13 1
87 25
38 36
65 37
62 49
68 81
12
37 1
54 4
36 6
87 8
31 11
14 17
27 34
71 38
23 41
8 60
62 86
17 93
12
37 3
6 5
34 14
61 19
62 26
19 32
32 35
79 36
94 59
91 82
37 89
18 90
8
67 11
6 15
83 21
2 33
73 50
18 62
53 78
21 92
18
55 22
45 27
100 33
68 39
29 43
54 46
60 48
21 60
47 62
99 65
72 70
33 71
31 72
67 77
24 80
67 84
77 96
100 98
8
92 10
18 20
35 39
84 44
35 45
61 62
51 77
96 93
12
80 8
9 10
12 29
19 41
95 48
70 54
80 62
60 66
98 78
14 81
22 94
15 97
13
86 9
78 16
6 29
94 35
90 37
41 41
56 43
3 55
59 65
30 69
54 76
91 79
100 92
7
64 2
26 14
88 35
23 43
60 44
69 66
5 72
9
51 27
1 36
77 48
73 50
23 52
72 62
23 66
95 71
10 82
10
4 0
94 26
85 35
36 36
2 52
85 59
75 62
56 69
2 77
13 82
13
78 3
86 4
82 6
41 38
91 39
62 44
72 78
90 79
13 80
95 87
99 88
29 93
98 94
10
62 31
23 38
96 53
71 55
7 77
18 83
90 86
61 90
41 94
38 95
11
96 3
94 8
20 13
29 14
28 23
5 34
10 40
60 41
21 44
96 81
4 91
11
88 5
97 11
5 15
34 34
3 55
33 57
59 72
50 79
91 88
47 92
70 93
10
34 6
17 10
77 18
32 20
62 41
40 44
34 46
70 54
25 62
13 70
12
35 4
92 6
90 20
84 27
13 30
94 41
96 62
17 70
22 74
79 86
32 92
14 98
11
22 11
39 30
56 33
82 39
56 42
2 47
70 49
5 52
41 57
22 85
33 89
12
46 10
26 19
62 28
53 35
99 43
79 53
48 65
95 75
46 77
63 79
21 88
50 91
12
32 1
10 4
86 9
70 13
28 31
81 40
77 43
7 61
45 72
76 76
24 89
22 90
10
12 2
82 10
89 17
40 27
44 29
29 45
72 57
36 68
88 70
33 84
9
88 1
9 7
8 10
100 32
25 43
9 54
67 64
59 81
68 85
7
79 7
99 14
17 46
13 50
9 83
19 89
47 92
11
87 2
12 11
19 14
18 21
23 44
83 65
44 66
24 67
68 76
52 82
45 99
12
43 1
60 7
83 11
71 38
42 40
95 43
38 52
63 54
19 57
50 62
34 86
96 90
12
88 7
38 26
29 30
87 33
70 37
100 47
59 48
45 56
100 57
74 77
6 81
18 82
9
76 6
58 10
79 11
47 27
100 31
71 36
57 40
1 49
17 63
9
20 26
17 28
45 37
98 46
2 58
44 65
81 74
68 84
36 99
14
1 5
55 17
73 26
90 32
94 35
9 59
76 62
29 70
92 85
26 88
38 91
91 96
37 97
94 98
7
4 19
92 23
2 59
29 61
98 75
99 82
86 91
9
71 25
39 50
86 51
18 52
45 54
79 65
31 70
15 94
5 97
7
50 37
86 44
70 57
11 75
48 83
41 87
2 91
10
43 3
28 11
59 29
43 35
69 49
60 55
24 72
81 78
60 83
22 85
8
78 13
33 16
82 30
3 46
83 56
30 58
47 59
87 93
12
68 3
52 5
21 7
74 12
7 27
6 47
17 57
39 64
99 85
67 90
46 92
52 99
6
35 38
14 42
3 52
95 72
50 80
99 85
17
99 2
55 3
89 9
80 16
55 25
72 26
75 33
35 36
5 50
55 56
48 59
36 65
25 68
69 70
11 77
53 85
75 98
11
60 6
77 31
17 36
2 44
90 47
48 54
80 63
14 78
62 83
33 91
11 94
14
97 2
55 5
95 8
34 9
6 12
15 17
34 30
83 44
96 49
25 66
88 67
58 70
27 76
26 83
9
45 21
73 31
81 37
54 39
11 55
69 69
53 70
28 72
55 78
8
82 13
81 43
91 47
33 51
71 65
62 68
41 73
54 78
8
52 0
65 5
75 17
8 49
26 52
84 59
28 66
56 76
9
84 1
81 22
31 48
4 56
67 61
55 80
2 84
72 86
92 92
9
59 1
19 15
6 38
67 47
67 64
45 68
39 79
29 85
22 90
10
100 10
8 13
99 16
2 34
66 47
36 51
68 75
17 78
72 86
18 88
8
42 27
30 35
17 41
48 43
47 67
55 69
83 73
15 95
11
91 2
100 9
77 15
73 17
29 24
27 27
93 69
42 70
45 91
92 93
99 96
100
10
85 2
27 10
33 17
78 27
3 33
90 74
48 76
65 78
12 88
88 89
