100
100
2
50 46
64 98
1
10 57
1
26 85
4
83 70
95 86
67 89
48 95
3
42 9
28 18
90 23
1
37 74
2
90 49
52 55
5
54 9
73 13
94 24
20 40
34 53
2
27 43
58 83
2
95 9
44 77
3
29 49
10 75
54 86
2
93 13
51 21
1
77 2
0
1
7 84
2
42 43
2 56
2
25 19
88 26
3
66 44
72 61
40 66
2
1 82
83 86
1
8 58
1
7 88
1
77 50
1
41 1
0
2
5 7
32 97
5
4 10
80 14
65 32
23 63
40 78
1
43 25
1
76 22
1
73 2
2
47 15
85 84
2
86 35
40 98
2
80 39
76 88
0
1
77 63
1
39 62
4
68 19
62 41
88 50
48 88
2
96 3
25 44
6
2 21
39 43
2 45
75 51
55 56
85 93
2
13 24
70 53
3
65 9
67 83
94 86
4
95 0
94 18
57 26
61 67
2
70 51
2 58
2
14 51
31 65
2
2 47
28 68
2
62 21
5 39
3
32 51
62 83
46 93
3
27 27
93 32
47 78
3
57 64
81 93
9 94
3
2 18
39 34
13 74
1
67 62
2
20 47
30 89
3
40 41
76 76
31 92
3
10 21
27 74
99 90
2
47 26
66 55
3
48 1
39 36
8 51
1
56 58
0
1
61 35
4
54 19
70 59
48 68
92 92
1
34 81
1
3 17
2
57 68
14 72
1
63 99
1
57 61
3
53 5
74 31
58 98
2
32 16
70 61
5
54 2
71 20
86 31
68 52
81 86
2
17 10
52 81
2
47 5
46 78
1
98 82
2
27 56
25 81
2
12 78
90 86
3
48 27
18 62
20 70
5
67 27
47 50
80 65
40 69
12 88
2
90 17
1 47
2
41 48
28 73
1
47 23
1
12 80
3
49 12
8 18
98 25
1
39 79
0
4
95 2
41 33
97 36
45 57
1
40 99
3
86 4
22 46
8 50
1
18 66
1
86 91
5
23 2
64 14
52 24
13 68
86 95
2
75 5
63 71
2
37 49
46 72
2
48 63
30 92
1
21 2
0
1
62 53
0
1
62 46
2
4 46
50 63
4
42 4
10 17
11 42
64 86
1
75 98
2
24 53
22 90
2
82 53
27 89
100
2
43 96
8 98
