200
200
61
41 1
100 3
64 11
42 14
50 15
7 16
48 20
93 28
78 29
79 30
35 34
60 37
74 39
74 48
56 49
87 50
40 53
54 54
8 55
22 59
86 61
53 63
59 64
13 69
8 70
37 73
90 74
76 75
92 79
15 87
5 89
88 92
32 94
76 98
57 101
98 103
85 108
77 110
12 111
32 112
89 117
48 118
84 120
44 123
52 126
5 127
66 133
26 139
72 143
71 144
17 145
81 149
30 151
56 155
14 160
64 163
78 165
50 166
91 169
30 176
78 185
63
25 0
69 3
2 4
27 6
38 7
98 12
40 15
82 19
50 20
38 23
27 25
1 26
20 28
83 30
38 31
19 39
82 42
45 43
58 47
88 53
41 54
61 60
19 62
11 64
39 66
52 68
55 73
62 84
7 87
38 90
68 94
32 96
84 97
33 99
7 101
76 102
58 106
38 109
32 118
56 120
33 122
83 125
90 129
27 142
28 144
57 147
93 150
29 153
27 157
67 158
99 162
71 163
32 164
39 165
80 172
57 178
5 181
61 191
46 192
70 196
26 197
14 198
53 199
67
8 0
61 1
45 5
79 6
14 11
45 21
27 24
81 28
3 29
78 30
45 31
12 32
23 35
87 38
42 40
41 43
43 44
42 45
97 47
48 50
33 56
45 58
60 60
12 68
100 81
67 83
6 89
17 90
96 93
61 95
20 100
9 102
24 104
29 107
73 108
43 113
70 114
73 123
29 130
72 135
42 136
53 137
93 141
85 147
64 150
55 152
16 154
39 157
78 159
68 160
100 165
20 171
98 177
79 178
20 180
89 182
38 183
99 185
20 188
28 189
10 191
85 192
83 194
5 195
18 197
39 198
44 199
72
56 0
3 2
46 5
77 8
20 9
32 12
16 17
20 18
22 21
70 40
34 46
22 49
8 52
30 54
60 56
26 58
21 61
90 68
71 69
59 70
36 75
96 78
36 81
28 82
47 84
72 86
86 92
36 95
87 97
71 104
97 105
98 108
74 109
94 110
16 111
2 116
27 117
15 119
16 124
58 125
40 127
53 130
93 131
77 135
27 137
74 138
40 139
2 142
99 145
51 147
63 148
3 150
66 156
95 161
23 163
69 165
78 168
44 170
15 171
30 174
88 175
57 176
35 181
12 183
73 186
100 187
88 191
62 192
81 193
48 197
49 198
13 199
67
37 3
15 11
7 12
29 13
6 15
21 22
17 24
68 25
8 26
48 35
61 37
61 45
54 48
69 49
64 50
64 51
56 53
2 65
90 72
24 74
40 78
74 79
59 83
50 84
35 85
9 89
10 90
51 93
93 103
5 105
59 106
24 107
40 111
45 112
12 113
60 115
12 116
82 119
100 120
83 121
2 125
52 126
37 127
46 132
80 134
80 137
47 141
28 142
30 146
52 147
4 149
58 154
70 155
69 156
79 160
67 163
95 171
35 175
12 176
13 178
8 180
36 182
50 184
71 186
23 191
32 195
50 198
50
41 14
16 22
75 23
17 26
13 27
26 28
19 32
79 33
11 36
68 40
93 42
87 44
8 53
28 58
74 60
79 63
23 65
54 67
6 74
40 75
47 76
90 80
93 88
39 91
48 98
27 100
59 105
25 112
58 116
28 117
66 119
17 123
75 124
80 127
40 133
87 137
86 138
37 144
79 159
82 161
74 163
20 165
26 175
82 177
3 178
75 184
32 188
78 191
10 193
43 197
63
56 1
39 4
28 5
5 7
38 9
10 11
47 19
13 22
70 24
32 27
68 33
70 34
54 40
61 41
93 42
27 46
27 47
31 48
2 49
15 50
38 53
80 61
48 63
91 71
15 80
65 82
89 84
32 85
42 89
9 90
100 94
53 98
64 99
64 102
54 103
66 107
52 111
96 112
95 113
33 115
75 117
16 118
53 121
54 122
70 124
13 125
52 131
60 132
17 136
93 140
19 147
42 155
11 158
83 163
25 166
51 169
99 171
78 176
50 177
16 178
33 180
75 183
5 191
61
33 1
52 3
94 6
47 7
59 11
68 13
3 14
54 16
25 17
19 24
53 44
61 46
53 49
54 54
78 56
51 61
46 63
12 66
11 67
44 72
83 74
94 79
80 83
97 89
40 92
100 95
15 97
24 99
14 100
84 102
86 108
18 109
17 112
95 116
52 122
83 123
27 125
7 129
49 132
74 133
40 135
76 137
39 143
35 146
46 149
87 154
41 160
15 163
55 164
60 165
50 167
47 168
63 172
71 174
78 175
3 176
98 185
2 188
81 189
18 190
63 194
60
3 5
2 13
44 18
53 19
97 25
71 26
4 29
95 34
42 36
20 38
38 39
29 46
48 47
35 49
50 51
82 55
69 57
32 63
36 66
9 74
88 76
46 79
91 82
97 91
95 93
81 94
81 100
26 103
27 104
46 106
3 108
17 110
83 111
82 112
93 114
22 117
78 119
34 120
18 125
45 128
5 131
20 135
25 137
97 142
30 144
78 147
65 150
10 154
13 157
84 158
25 163
18 168
28 169
63 174
59 181
32 194
36 195
52 196
74 198
87 199
64
90 0
62 7
52 8
48 9
53 10
52 14
99 15
76 17
30 24
68 25
6 27
40 30
36 31
46 33
91 34
86 42
46 47
8 58
74 60
45 62
36 65
78 66
49 67
14 68
15 71
83 80
19 83
83 84
85 86
8 88
7 89
78 99
53 100
48 103
93 104
48 110
67 115
39 117
31 121
40 126
74 127
23 134
84 136
85 138
98 142
50 143
31 145
43 152
57 153
44 154
87 155
64 156
25 165
22 168
11 174
85 178
59 183
29 185
53 191
23 192
74 193
67 195
21 198
75 199
49
80 4
54 7
53 8
47 10
81 13
54 16
83 25
74 38
69 39
59 41
76 50
62 57
52 59
80 63
83 68
91 72
34 73
25 80
77 84
10 85
27 87
13 98
18 99
11 100
47 108
8 109
57 114
67 117
60 120
51 125
88 132
46 134
49 137
80 138
12 140
90 142
6 143
2 144
87 145
85 156
60 158
40 159
98 165
52 169
25 174
36 179
95 180
97 188
62 196
74
18 0
83 1
64 2
12 4
79 5
45 6
19 9
1 12
52 14
91 18
61 20
74 21
70 31
92 35
75 39
39 40
53 44
36 45
70 46
61 48
87 49
88 54
44 56
43 60
56 62
13 65
59 67
81 70
13 71
22 74
29 75
72 80
44 84
15 85
32 88
21 90
78 93
6 94
14 95
15 97
3 98
71 101
28 106
41 108
16 110
71 111
89 112
73 116
2 117
55 125
33 127
33 130
23 131
39 132
42 133
70 137
81 138
45 142
84 143
53 147
77 154
86 155
55 158
80 159
10 163
63 164
37 168
18 170
69 178
28 181
81 185
52 187
53 194
26 195
57
94 11
36 14
2 19
93 20
88 21
90 23
20 26
25 29
3 35
62 39
87 46
84 48
60 50
65 59
47 60
15 62
95 63
23 71
80 75
82 78
74 79
57 80
70 83
32 87
60 93
41 96
90 102
53 104
47 106
23 108
68 111
60 112
73 119
90 121
50 124
65 125
12 127
16 130
83 132
10 138
76 144
25 145
91 147
53 150
6 160
7 162
64 165
58 166
38 172
29 175
81 178
66 185
89 187
25 188
37 189
31 197
89 199
66
55 1
69 5
96 7
82 10
3 11
25 13
77 17
16 19
39 20
29 28
4 30
26 34
61 36
16 43
25 46
3 47
30 53
72 56
21 57
47 65
8 67
43 71
91 72
7 75
58 78
72 79
10 80
14 83
89 85
22 86
23 88
59 92
4 94
61 98
31 105
27 107
4 109
5 111
7 115
71 120
2 125
3 128
41 131
36 139
27 140
70 141
90 142
5 143
89 147
45 149
6 150
1 151
58 155
61 158
26 160
5 170
40 173
23 176
28 177
16 180
53 184
79 186
59 187
36 188
100 189
30 193
77
47 1
28 4
7 8
22 9
85 11
37 12
77 13
45 14
8 19
3 20
42 21
35 28
81 31
8 32
90 33
62 35
74 37
89 39
97 43
95 45
45 46
58 48
77 49
47 54
34 55
62 57
81 58
61 62
13 63
93 65
22 67
39 75
54 78
40 79
67 88
14 92
93 95
51 96
35 98
42 99
11 104
45 108
19 112
54 113
53 114
18 117
69 120
67 121
36 122
46 123
13 126
29 130
28 132
31 135
34 138
85 141
50 142
39 144
80 145
95 148
68 149
89 150
41 162
80 164
81 167
41 172
98 176
48 177
11 178
75 180
27 181
67 182
10 183
12 185
41 186
46 198
89 199
67
30 3
38 4
12 6
48 8
8 10
47 13
3 18
85 19
61 24
84 30
89 32
32 37
21 41
83 42
15 48
78 52
31 54
95 55
51 57
11 59
38 66
36 67
53 69
75 70
66 73
69 75
70 84
13 85
64 88
83 90
94 93
83 94
52 96
32 98
3 100
68 102
42 103
74 106
99 108
4 109
75 112
12 116
37 121
89 123
71 124
86 125
18 132
49 134
43 137
19 145
90 147
36 149
41 151
11 154
61 155
72 157
37 163
29 165
93 166
62 167
78 180
12 181
93 182
79 185
34 188
32 195
33 196
61
92 1
55 13
76 14
19 24
67 25
39 32
53 33
67 34
98 36
46 38
69 44
12 47
88 51
25 52
92 55
5 56
100 61
94 65
32 68
44 69
77 81
33 91
23 93
14 94
59 95
88 97
42 98
97 99
32 106
56 108
12 109
19 112
62 118
71 120
16 124
42 126
6 128
71 129
7 131
82 138
65 140
54 142
82 143
7 145
57 146
2 150
52 151
16 152
65 153
81 154
80 160
42 161
39 162
79 164
59 177
38 181
19 185
30 186
48 190
70 193
61 197
59
26 9
46 14
31 16
4 17
58 23
21 33
22 35
13 42
10 46
26 47
74 48
82 49
41 50
53 51
92 52
98 53
58 56
59 57
71 60
21 63
59 64
37 65
29 74
46 78
22 79
99 80
69 88
86 93
54 100
49 105
13 110
73 112
11 116
100 119
22 122
98 125
50 126
93 129
68 130
97 135
85 136
66 141
62 145
35 149
49 153
75 156
23 162
53 163
19 164
49 170
8 172
64 173
36 177
95 184
57 188
2 190
28 191
72 196
26 199
59
83 2
62 5
57 9
71 11
51 13
80 17
48 19
83 22
50 33
16 35
31 41
8 44
41 47
100 50
20 54
67 56
93 58
10 60
20 63
78 71
62 75
32 81
44 83
58 86
33 89
90 90
22 95
53 96
14 100
53 103
82 104
19 112
17 114
5 120
92 128
35 129
91 132
41 133
5 139
60 141
34 145
77 146
28 147
51 148
49 150
31 153
21 154
28 157
17 159
11 166
20 169
80 180
24 183
32 185
41 191
10 192
42 197
52 198
62 199
66
20 8
68 17
10 18
64 19
10 21
72 22
61 23
98 25
49 29
28 30
95 33
83 36
62 43
16 45
97 50
14 53
83 56
78 60
83 62
7 65
38 67
40 69
25 75
36 79
19 80
92 85
72 88
24 91
57 93
75 97
62 99
18 101
20 105
42 106
89 109
75 110
44 116
44 117
20 118
81 120
19 121
41 122
68 123
82 133
85 135
63 145
46 146
70 147
79 149
62 152
94 153
21 154
55 155
14 157
1 165
98 168
68 174
96 175
44 177
73 179
31 181
30 189
57 192
72 193
82 194
75 197
62
86 0
24 2
74 3
42 5
63 6
6 11
76 15
48 19
56 21
14 25
9 39
33 40
67 41
45 42
31 43
48 47
66 48
50 50
1 51
89 58
55 67
98 73
72 76
67 78
44 82
45 84
91 85
94 86
65 88
66 99
30 100
98 101
4 103
6 105
38 109
42 111
78 116
91 121
77 122
79 124
56 125
94 126
80 132
84 134
36 138
98 142
44 145
27 148
75 151
34 155
10 158
78 159
16 161
26 162
7 166
22 168
14 175
87 178
19 183
48 184
38 190
72 197
54
35 0
31 1
3 5
45 6
69 7
53 12
59 17
85 19
65 23
98 26
91 31
36 32
49 37
44 42
66 44
20 46
9 51
70 57
94 60
88 64
6 68
26 73
81 77
32 84
56 87
12 89
57 94
39 97
52 100
82 102
67 103
91 106
53 117
100 119
100 120
61 126
86 128
70 129
16 131
63 133
33 136
89 140
18 141
4 144
75 145
7 148
100 150
69 151
64 170
34 172
70 175
5 183
43 188
42 192
56
11 11
85 16
34 18
84 21
52 23
63 25
63 29
67 36
35 37
60 40
12 43
98 44
91 46
11 48
12 52
17 53
11 54
50 57
3 65
70 66
12 69
28 73
72 75
76 76
12 78
48 81
99 87
65 90
1 91
69 93
23 100
36 104
8 106
1 110
79 114
17 115
6 122
20 130
21 133
40 136
49 137
26 139
79 144
48 150
22 151
64 152
65 154
11 173
6 177
98 181
75 182
87 185
34 186
61 187
16 191
53 198
60
28 6
65 7
71 9
31 10
97 11
17 12
92 13
90 15
6 16
92 23
49 24
50 29
94 39
89 41
7 42
66 44
46 46
34 50
26 55
18 60
75 67
86 72
96 74
97 76
24 79
27 81
64 84
90 87
48 94
75 97
1 98
96 104
89 105
91 108
82 113
10 114
32 119
90 121
16 122
92 123
42 124
4 128
66 133
87 139
29 146
8 152
72 154
100 157
74 166
32 174
99 175
42 178
45 180
26 181
39 187
14 189
46 191
90 192
60 196
40 197
56
35 1
52 5
16 8
81 11
63 12
46 20
61 21
15 23
31 26
44 32
92 33
81 37
47 38
98 41
37 43
65 46
19 47
49 48
49 51
74 55
8 58
55 60
61 61
67 62
10 66
43 68
78 69
40 79
99 92
70 94
40 100
4 107
16 108
31 109
27 110
65 113
34 114
5 115
39 121
63 129
38 130
39 140
83 148
80 151
100 153
95 160
97 162
39 170
2 179
18 182
4 184
21 188
31 189
10 192
74 193
21 197
57
13 0
20 1
36 5
27 13
37 17
31 25
72 35
47 36
89 38
41 42
15 47
76 51
45 55
57 58
48 60
86 68
56 70
93 71
76 74
92 76
47 77
74 84
47 87
30 89
77 90
42 92
11 94
24 95
83 99
16 103
13 104
97 109
53 119
59 121
62 122
35 132
30 133
94 134
10 135
29 147
41 149
10 151
79 152
13 154
9 155
73 157
53 161
38 168
85 169
2 171
24 172
8 176
8 183
10 184
31 189
71 192
52 196
66
25 0
38 1
89 2
92 8
72 13
59 20
100 25
43 32
25 37
77 40
66 42
99 45
16 46
44 51
47 54
99 55
42 59
99 61
94 66
50 69
20 73
61 74
99 75
6 85
78 90
84 95
75 100
28 102
64 103
40 105
87 110
8 112
87 113
62 117
58 119
23 125
2 128
77 130
81 131
93 133
43 134
93 135
73 140
84 142
42 146
28 147
89 149
64 155
88 163
65 165
21 166
98 168
92 169
4 172
20 176
46 177
81 181
95 183
2 185
90 187
5 189
86 190
45 194
51 195
38 198
38 199
70
29 1
7 4
78 10
18 12
53 22
50 25
28 28
51 29
59 30
84 33
15 40
94 41
47 43
49 46
38 48
23 51
79 55
4 56
47 59
68 60
4 62
78 63
23 69
3 70
21 74
19 76
48 78
81 80
7 86
6 87
66 93
44 95
17 96
38 97
44 99
78 101
21 102
13 103
40 106
76 108
81 110
95 111
93 114
15 115
76 117
14 119
67 129
61 131
62 134
89 135
82 140
44 144
4 145
37 147
72 149
21 151
87 153
28 155
66 161
83 162
70 166
98 167
4 169
66 173
51 179
100 181
52 189
83 195
88 197
23 199
46
3 1
48 3
42 11
59 20
35 24
95 35
96 41
25 43
18 45
30 57
72 59
35 65
41 66
28 69
39 70
43 80
14 89
52 97
11 100
69 102
7 105
38 108
18 113
53 115
75 118
64 119
51 121
91 122
27 123
75 126
68 128
61 130
38 138
40 141
4 147
95 148
53 153
69 157
91 161
64 163
69 178
40 180
73 184
97 189
50 191
61 195
54
97 1
83 2
17 7
18 10
40 12
45 13
60 14
56 15
77 22
60 23
47 24
73 27
70 31
47 32
8 33
2 36
25 38
12 45
35 46
18 47
5 48
97 54
17 61
59 72
6 83
78 85
90 87
41 89
18 99
47 106
83 115
15 116
32 118
75 123
73 125
82 127
18 131
25 134
49 137
17 138
12 139
43 151
38 153
35 155
24 160
34 167
24 175
38 176
65 178
48 179
36 182
86 185
40 195
87 198
79
54 0
10 4
26 7
80 11
90 12
58 18
94 21
85 23
99 26
16 34
69 35
73 36
78 39
75 46
100 49
48 51
45 53
38 55
77 56
64 57
13 59
54 60
17 64
22 65
62 67
93 72
62 75
82 80
67 82
19 88
82 90
87 92
6 93
24 94
51 99
26 100
37 101
73 103
76 106
81 108
44 116
16 121
31 123
30 124
64 125
75 127
49 128
5 131
9 132
52 133
93 136
83 137
49 139
63 140
24 143
11 145
100 147
16 148
89 149
98 150
22 151
82 154
37 155
44 156
13 159
2 162
27 166
69 167
99 180
16 182
84 184
59 188
59 189
74 190
18 191
78 192
70 193
71 196
21 199
59
67 1
30 3
26 7
98 9
31 12
27 13
44 20
16 25
53 26
69 30
78 31
44 36
59 37
50 38
28 40
59 43
91 49
60 50
2 52
99 56
82 58
30 61
49 63
5 65
50 66
95 68
75 69
54 72
72 79
66 82
92 85
81 87
62 94
22 95
33 99
53 102
31 103
82 108
22 110
56 113
53 114
14 124
77 128
93 141
56 147
48 156
48 162
77 165
59 166
26 167
62 173
88 174
70 176
42 177
73 181
70 187
97 188
49 189
29 196
71
79 4
76 8
92 11
17 16
9 17
40 18
19 19
65 22
13 33
64 34
30 44
67 47
10 51
99 55
15 56
94 59
55 61
77 65
19 69
39 71
58 72
81 75
77 76
24 77
35 79
59 84
38 85
14 87
46 88
88 89
76 90
85 95
1 99
13 100
52 105
6 106
22 110
52 111
40 118
20 119
22 128
52 129
60 130
16 133
79 136
53 138
74 139
5 140
73 144
68 147
31 148
13 149
13 150
58 151
3 152
60 154
85 157
23 158
76 164
4 167
38 169
8 170
56 173
77 175
80 177
63 181
63 182
81 186
73 192
74 195
84 199
53
40 5
65 12
42 13
100 14
4 16
73 25
81 28
95 31
5 34
62 35
67 38
64 41
68 44
73 64
38 71
13 75
8 76
31 78
79 82
20 86
90 88
55 91
81 95
68 98
33 100
4 101
4 102
46 103
62 105
53 106
74 112
73 113
82 118
6 120
47 124
23 126
12 131
84 137
53 144
60 148
85 149
99 150
16 154
44 163
96 164
58 165
65 179
100 180
73 181
37 183
35 184
66 187
9 197
61
9 0
52 3
100 6
49 7
71 8
96 9
92 10
61 11
14 13
77 25
40 32
42 35
98 38
79 39
78 42
36 43
18 44
16 46
72 50
4 51
55 52
64 53
34 56
51 60
68 61
96 67
31 70
39 76
73 85
20 94
70 103
57 104
30 107
55 109
13 113
61 114
35 116
89 120
85 129
52 139
62 141
99 148
85 151
84 156
54 160
4 162
47 165
37 166
59 168
70 174
69 176
97 177
66 180
66 182
50 183
93 184
28 187
55 192
56 194
32 196
43 198
62
10 2
29 19
71 20
72 26
4 27
89 31
67 33
14 35
58 37
19 39
63 43
42 47
9 50
8 51
76 52
32 56
53 58
44 64
76 68
33 70
97 72
88 79
62 80
78 81
43 82
57 84
27 85
40 86
70 94
34 97
43 98
28 99
16 100
78 101
50 106
27 109
95 112
53 116
50 118
30 126
57 128
39 133
62 140
100 144
16 146
61 148
47 152
70 153
36 154
50 157
11 165
85 170
75 171
3 173
98 177
74 181
43 188
66 189
55 190
61 191
82 196
96 198
65
70 0
63 3
78 10
13 15
5 18
100 21
37 22
29 25
78 26
10 28
99 30
22 34
70 39
63 42
28 45
21 46
3 50
73 52
76 53
29 54
71 57
68 62
89 64
78 65
21 68
26 70
14 75
10 76
61 77
61 78
7 81
18 84
97 87
93 93
26 97
22 107
62 108
22 119
28 120
71 124
60 126
77 130
96 131
15 133
19 135
43 143
11 148
29 149
28 153
34 154
9 159
35 169
12 175
9 179
99 180
10 181
13 184
20 186
48 188
60 191
69 193
7 194
22 195
53 196
64 199
57
37 2
30 6
74 9
24 14
65 17
69 19
32 20
61 22
86 25
42 28
34 33
93 36
52 37
50 44
93 45
65 47
71 48
90 52
87 59
33 60
24 63
38 67
54 70
98 75
45 81
60 88
95 90
52 91
23 92
16 96
4 98
50 113
6 115
88 116
21 118
28 119
13 121
32 126
84 127
89 128
75 130
65 144
97 145
19 151
45 157
2 159
48 161
62 168
31 178
81 184
80 185
36 186
100 187
11 191
16 194
63 195
2 196
64
20 6
66 8
2 12
88 15
8 16
82 17
53 20
97 23
80 26
34 27
36 28
89 29
51 32
49 45
63 48
99 49
64 55
17 57
7 59
78 62
41 63
59 64
93 67
96 68
4 69
33 70
40 71
79 74
69 76
15 77
91 78
47 79
85 81
53 83
98 87
22 93
74 95
38 98
95 101
6 103
33 106
56 114
70 115
74 117
53 127
66 138
71 148
59 153
66 154
86 158
54 161
78 162
3 164
73 166
20 168
72 172
54 173
93 175
89 180
45 182
28 186
26 189
57 190
72 196
48
29 0
30 2
15 4
63 10
77 24
19 32
96 39
35 41
56 43
46 49
87 51
94 61
60 68
62 70
81 75
38 76
8 81
75 91
24 92
20 93
7 94
90 96
51 104
30 106
95 110
31 117
56 121
8 122
23 124
95 126
14 128
32 129
21 140
26 143
22 146
16 147
19 158
67 163
30 166
57 171
17 174
26 185
48 186
79 187
43 191
18 192
89 197
35 199
57
46 1
83 8
90 11
86 14
22 18
35 22
15 23
81 31
16 33
48 35
100 42
97 44
64 47
41 54
93 56
58 65
60 69
78 74
72 76
87 85
91 88
75 90
75 92
71 93
69 95
87 96
47 97
81 100
64 110
44 120
59 121
4 123
59 124
8 131
25 132
19 139
39 142
10 143
51 147
94 148
21 158
21 159
22 160
62 163
24 166
6 169
59 170
53 171
92 172
60 177
40 182
17 184
32 185
2 186
62 187
52 189
30 193
61
94 1
89 3
20 8
44 13
21 14
97 19
21 21
99 23
49 28
38 34
37 38
4 39
80 47
42 48
65 49
67 62
30 67
54 73
49 75
74 78
9 80
83 82
20 83
75 85
52 86
100 89
80 94
91 99
59 101
41 106
99 107
69 108
24 115
52 122
69 124
84 125
35 127
80 129
17 132
80 133
8 134
55 141
78 142
96 143
46 146
18 147
9 150
60 154
46 155
90 162
36 166
63 167
31 169
40 177
99 179
17 180
5 184
81 189
4 195
44 197
37 198
61
78 9
63 15
24 16
93 17
25 22
86 24
55 26
28 31
13 36
96 39
27 42
82 44
39 45
70 52
92 53
8 57
72 60
95 63
74 64
84 67
91 70
62 71
1 73
12 76
76 77
4 86
68 89
51 93
43 99
86 100
24 101
99 105
67 107
11 109
68 112
21 117
1 119
99 121
57 122
62 123
71 124
19 125
91 127
44 130
21 132
98 133
30 138
78 141
65 143
39 146
18 154
53 157
37 158
55 159
63 164
85 167
36 174
66 179
40 180
81 189
92 190
57
98 0
3 1
74 4
22 5
36 10
17 13
43 15
60 18
24 27
77 30
16 38
50 42
74 50
79 53
95 58
10 61
83 62
31 67
38 69
89 78
99 83
100 86
95 91
66 99
4 102
76 104
16 105
51 107
56 108
89 110
54 111
14 112
57 113
27 118
41 124
47 126
46 127
93 130
55 131
79 150
20 151
98 153
11 156
67 162
33 164
7 165
44 167
81 170
46 171
55 174
77 182
83 185
10 191
63 192
95 194
4 196
12 198
59
44 1
19 2
24 13
74 16
48 19
99 22
56 25
41 26
72 28
13 31
45 32
80 33
85 34
88 37
82 41
66 43
29 45
88 48
54 50
96 62
33 65
92 69
57 73
54 75
70 77
44 81
84 83
32 87
93 94
80 96
50 103
16 107
35 108
100 111
46 121
15 126
50 129
38 130
55 141
90 146
19 147
14 149
4 150
35 151
45 152
50 158
23 160
84 167
79 169
63 172
10 173
88 178
35 180
74 183
70 185
97 186
98 196
47 198
83 199
54
62 4
6 9
54 12
29 15
81 16
45 20
48 27
8 31
66 35
44 37
22 38
50 43
79 45
33 47
27 50
10 57
34 60
55 61
27 66
48 68
95 70
33 76
87 84
45 85
32 88
73 91
24 92
20 94
36 95
23 102
86 104
77 106
25 108
82 124
93 128
56 138
21 140
19 148
73 152
86 154
29 159
38 163
41 169
46 173
68 176
91 177
26 182
21 186
96 188
20 191
74 194
2 195
37 197
95 198
69
48 0
64 6
89 9
69 15
65 16
5 22
50 23
32 25
5 28
6 30
15 31
72 32
21 34
16 36
11 39
16 40
78 43
54 46
99 49
3 55
92 57
83 58
53 60
88 61
14 62
38 63
11 72
83 73
50 75
95 78
75 86
46 88
93 94
77 96
81 100
88 101
21 108
80 110
87 111
91 113
93 114
37 120
34 121
45 122
27 123
26 124
76 127
52 128
56 131
24 134
88 136
34 139
53 147
62 150
39 152
32 153
25 158
23 161
15 162
17 164
15 165
61 167
34 170
87 177
90 179
17 183
27 185
57 188
24 197
58
48 0
65 10
18 13
27 15
1 18
75 29
72 30
74 31
84 32
46 34
30 40
33 48
29 53
60 56
42 61
13 63
38 64
30 80
45 83
85 85
54 92
18 94
48 96
47 104
60 105
87 106
82 108
98 110
53 114
61 119
83 122
20 125
6 127
73 129
40 130
44 136
56 137
62 139
22 140
50 143
84 144
3 145
47 147
98 149
64 150
45 152
19 155
48 161
90 162
57 165
80 167
89 168
55 169
61 171
45 177
78 185
49 186
43 199
84
47 0
95 1
57 2
75 6
33 7
8 8
7 11
30 14
4 15
7 16
62 18
58 19
29 20
32 22
87 26
90 28
9 30
81 31
13 37
17 40
50 42
58 43
60 46
32 47
33 49
73 51
3 54
47 55
49 56
1 70
51 71
77 74
31 75
77 77
85 79
17 81
22 87
81 89
6 91
55 93
84 99
75 100
60 103
84 106
59 111
54 112
60 113
75 114
37 115
13 117
62 120
11 121
8 122
41 123
35 125
18 126
36 128
1 131
98 132
15 134
82 135
10 136
35 138
56 145
73 150
28 151
18 153
15 156
38 157
80 158
62 160
93 161
93 162
54 165
89 166
19 171
96 172
82 173
66 176
83 178
29 182
100 190
34 191
5 194
54
19 4
30 6
68 9
52 15
33 16
46 18
61 20
39 22
5 23
91 24
58 34
48 35
78 37
29 43
21 48
7 49
70 50
12 54
13 58
28 62
74 63
8 72
75 74
32 76
99 78
16 79
19 90
61 91
84 95
12 98
90 102
29 109
48 111
53 113
71 123
60 131
87 136
2 142
84 152
32 159
86 162
89 166
45 167
17 168
63 170
50 172
12 175
54 177
11 179
41 184
21 187
20 188
23 193
98 199
56
77 0
18 3
47 5
61 8
73 15
61 16
44 17
53 20
67 21
20 25
82 27
58 29
75 31
46 40
62 42
67 44
36 52
77 55
95 56
48 57
96 59
37 67
60 70
3 74
53 86
28 87
17 90
86 91
68 98
93 99
25 100
92 102
82 112
63 113
46 114
100 117
71 118
96 119
3 125
80 141
99 142
37 143
43 145
75 149
76 151
54 154
18 160
22 163
10 165
74 166
27 168
12 175
20 181
50 186
90 190
54 199
68
4 2
41 4
21 5
20 7
17 10
34 12
75 14
73 18
65 19
78 22
71 26
45 28
18 33
21 36
30 41
41 46
56 47
63 48
45 53
11 62
20 63
61 70
93 72
54 74
68 79
34 80
35 81
67 83
96 84
2 88
44 92
32 94
73 95
65 97
99 98
19 99
11 104
13 109
34 112
8 117
98 119
3 124
81 125
22 126
22 129
49 132
9 133
3 134
72 135
47 142
85 145
51 147
93 149
36 154
60 157
36 160
97 162
90 165
40 166
6 167
44 172
11 177
11 179
33 187
90 191
71 196
98 197
14 198
65
98 0
15 2
36 4
43 6
7 11
86 12
52 14
9 15
22 18
2 22
32 30
39 31
5 32
59 33
79 35
27 39
8 49
17 55
39 56
63 57
88 61
77 62
40 63
95 64
46 66
13 69
91 70
69 71
84 73
11 78
73 80
41 94
26 95
68 100
43 105
68 106
33 113
92 122
44 124
75 130
92 132
79 133
7 135
16 137
32 139
57 140
26 142
5 156
86 157
13 159
63 163
5 165
41 167
94 171
94 172
42 173
99 175
67 182
13 183
95 185
3 187
83 191
84 192
25 195
100 197
52
38 3
39 4
28 11
81 14
46 15
73 19
83 20
76 29
68 30
39 33
35 35
70 41
50 46
98 50
10 55
68 62
77 63
73 65
59 67
72 76
19 87
33 88
38 93
28 95
71 96
86 103
81 104
48 112
63 114
71 115
28 119
2 121
99 122
75 123
20 129
2 131
96 134
32 146
60 151
10 153
18 155
86 156
63 157
27 162
57 165
24 167
22 169
38 171
48 179
28 185
68 197
3 199
73
5 0
64 10
56 19
29 20
72 22
34 23
28 28
7 30
87 31
65 32
47 35
89 39
58 44
31 46
29 50
4 51
71 57
72 62
35 64
55 68
40 78
14 84
84 85
45 86
26 88
21 89
48 91
86 98
42 99
8 100
26 101
50 102
96 106
50 112
97 114
89 115
85 118
57 119
57 120
11 121
42 123
20 124
91 125
84 126
74 129
13 134
95 135
74 136
25 138
36 141
37 146
74 147
59 149
28 150
90 151
27 152
26 156
58 157
55 158
14 159
74 160
75 164
42 165
67 166
14 172
52 173
88 178
82 184
86 186
56 189
99 191
96 195
13 199
59
92 0
58 1
55 2
62 4
62 5
95 6
9 8
18 11
76 13
30 19
93 20
5 22
61 23
70 26
14 28
32 37
59 38
16 40
17 42
100 46
70 48
23 54
15 58
77 60
10 61
24 63
39 65
30 67
92 68
29 75
67 81
20 84
25 89
17 92
12 93
32 96
86 103
82 106
94 117
82 120
3 121
85 133
25 134
13 136
91 137
94 142
39 143
47 152
29 154
38 157
23 162
21 164
27 167
85 170
6 172
60 178
10 183
76 185
25 191
69
35 2
37 5
32 8
41 11
72 13
13 14
35 17
73 21
77 23
99 25
71 30
23 31
33 32
90 33
58 34
3 36
56 39
29 46
80 48
87 50
68 51
54 52
41 57
12 61
13 63
61 68
85 70
20 73
80 77
41 80
30 81
80 82
59 87
98 91
60 93
21 97
87 101
88 103
58 108
39 109
66 116
79 118
97 120
46 123
82 125
93 128
67 131
46 133
27 136
40 137
87 140
82 141
77 143
5 150
13 153
7 154
68 156
14 157
71 159
40 167
96 168
79 171
100 173
69 174
3 177
98 179
51 181
88 187
35 193
61
45 2
88 7
49 10
82 11
59 12
25 13
53 14
42 21
95 27
26 28
88 29
54 30
73 40
23 44
53 45
70 53
4 54
35 57
35 61
40 63
16 64
79 68
85 76
2 77
31 81
8 88
7 89
98 92
29 97
10 99
38 100
52 102
76 108
69 110
15 113
94 114
7 122
35 123
53 125
21 127
90 147
78 151
80 152
41 155
54 157
34 159
64 160
29 162
42 163
26 168
28 175
73 178
38 179
77 181
52 182
3 183
43 188
67 189
36 190
59 197
39 199
66
86 9
50 13
65 18
16 20
47 23
37 30
87 31
99 32
93 35
79 36
67 38
31 39
93 50
68 61
20 62
33 63
80 66
92 67
54 69
1 71
40 72
55 73
11 75
75 77
43 86
99 91
57 93
19 95
93 106
89 108
9 109
9 110
31 111
4 114
26 117
36 118
9 120
41 121
55 129
14 132
40 133
7 134
45 136
10 138
50 139
6 140
21 141
76 143
44 149
33 152
98 155
22 160
80 166
17 168
71 169
15 170
84 172
7 173
89 176
6 177
70 187
49 190
5 191
18 192
62 195
18 197
57
54 7
36 12
81 14
79 19
5 25
31 26
29 32
100 33
59 35
9 37
66 38
55 41
28 52
56 53
58 55
62 56
88 57
66 60
13 64
33 72
54 74
46 80
33 89
89 94
80 95
42 96
12 100
4 108
15 111
9 113
100 116
30 121
81 122
18 125
56 126
46 127
61 134
48 136
32 138
45 140
45 145
77 150
17 155
71 159
76 160
46 163
6 164
53 167
94 171
55 177
66 179
10 180
31 183
74 186
42 194
61 195
61 198
59
95 0
29 2
38 4
55 8
55 9
41 11
9 12
34 13
36 15
66 17
15 18
58 19
88 21
59 25
57 26
12 33
90 37
3 43
84 45
19 50
49 57
6 58
4 60
43 64
15 66
70 67
39 69
61 73
16 83
86 85
97 87
92 88
30 89
73 90
3 94
20 96
29 97
88 98
21 100
76 120
30 125
92 129
25 132
91 135
46 137
83 144
7 148
39 152
78 153
71 158
22 159
87 160
95 174
80 175
82 178
60 184
44 187
31 189
9 192
62
80 2
24 6
46 7
11 9
50 17
36 18
19 19
26 29
15 33
28 37
76 42
61 43
98 44
48 45
91 54
60 65
78 68
40 69
62 73
63 74
59 81
83 84
2 85
92 94
71 95
82 97
13 99
11 101
80 102
57 106
35 107
77 108
53 109
13 115
83 117
64 118
97 121
10 125
74 130
98 132
34 136
49 138
7 141
37 143
91 145
42 157
98 158
76 162
68 168
87 171
82 174
56 175
60 176
69 178
55 179
29 183
44 185
11 186
63 187
3 191
25 197
68 198
60
80 5
80 10
12 14
56 19
49 26
55 28
29 31
3 33
76 34
60 35
68 41
5 42
69 43
62 49
59 54
15 67
71 69
27 70
14 71
24 72
31 74
32 77
20 78
22 79
82 86
55 87
69 95
89 102
41 107
14 109
72 111
6 112
42 119
77 127
24 129
52 134
21 137
76 138
58 141
24 143
23 146
97 149
57 150
99 152
82 159
80 160
96 161
79 165
54 166
88 168
80 170
27 171
70 172
31 180
56 182
96 184
28 188
56 194
70 195
55 199
64
10 1
32 9
59 18
98 23
88 25
11 26
26 29
18 31
27 36
73 38
4 41
82 43
85 47
96 52
44 55
4 56
78 58
87 60
57 66
35 69
22 74
63 77
89 78
89 87
32 88
23 94
9 101
100 102
38 103
18 109
19 114
79 115
16 120
10 123
51 127
45 130
20 131
27 132
10 138
95 139
100 142
95 144
60 146
20 147
58 149
51 154
49 157
41 162
49 163
40 167
9 168
92 175
3 182
8 184
26 186
7 187
78 188
1 189
36 190
83 193
96 194
73 197
26 198
63 199
57
11 2
86 4
53 8
94 9
17 13
90 16
42 20
83 21
42 24
91 32
16 33
82 39
8 44
92 46
2 48
29 50
70 61
92 63
99 67
55 68
36 75
48 79
50 80
15 84
48 85
59 88
42 92
100 96
35 97
16 100
36 102
55 108
75 123
95 126
19 129
10 130
35 131
35 134
63 139
74 141
82 146
10 147
65 149
41 152
75 156
93 157
52 163
6 164
29 165
45 170
99 175
99 178
88 182
91 183
21 193
3 195
51 196
55
80 2
85 15
37 17
68 18
46 22
65 23
96 27
7 33
29 42
82 47
65 49
57 50
53 52
68 58
25 60
64 61
24 62
35 64
21 66
86 67
97 69
27 77
2 78
43 80
70 93
49 98
65 101
84 109
38 111
37 112
19 117
85 119
24 122
36 127
6 132
87 133
89 137
31 140
41 143
39 147
42 149
90 150
56 153
16 154
10 155
57 164
82 170
96 171
53 182
8 191
51 192
65 193
81 194
40 195
60 197
49
94 1
52 2
9 3
58 4
24 8
59 14
40 20
53 21
97 24
27 31
27 36
54 40
79 41
7 47
95 51
77 56
95 62
5 67
8 69
49 81
25 86
40 89
46 90
54 93
43 95
5 102
15 103
100 109
48 113
9 121
54 131
55 132
91 136
45 137
25 141
3 144
98 146
65 153
88 157
13 158
41 163
76 165
31 172
85 185
9 187
37 188
74 192
8 193
36 196
65
85 0
3 1
33 5
67 16
67 18
69 22
83 25
33 26
18 27
33 29
61 31
18 33
17 39
74 40
29 51
52 53
93 54
25 56
21 61
42 68
58 70
23 71
100 72
15 76
36 83
87 87
73 88
22 93
90 95
16 99
1 104
73 106
7 109
49 111
6 117
77 118
2 120
1 123
46 125
78 128
2 131
52 135
3 139
64 141
3 142
33 146
41 150
84 153
93 154
91 155
15 157
78 158
32 162
49 163
69 167
4 169
14 172
19 175
22 179
58 181
11 182
53 185
32 188
26 194
55 195
56
12 0
70 3
34 5
71 7
25 10
100 17
14 19
53 30
53 35
42 38
57 39
87 45
35 49
69 54
63 61
80 62
35 66
71 67
85 68
77 73
14 78
85 90
18 93
26 95
26 96
44 98
87 102
32 109
95 111
71 112
81 115
79 132
26 133
65 135
96 140
40 142
68 146
40 148
37 154
63 155
88 158
85 159
52 160
5 164
41 168
19 175
30 179
6 181
45 182
56 183
38 184
11 188
62 191
10 195
44 198
24 199
55
4 4
67 8
57 10
20 14
57 19
40 22
46 25
31 37
96 40
30 42
93 43
14 45
87 47
42 54
13 56
23 62
5 64
97 68
29 69
96 70
27 73
98 74
92 81
53 82
14 89
17 91
49 93
57 104
34 110
87 115
7 117
10 121
81 128
77 131
11 134
100 137
74 138
79 140
70 147
84 149
43 159
95 163
36 164
4 166
48 168
37 178
23 179
2 180
24 182
50 186
36 188
56 189
38 191
32 196
49 197
51
42 0
96 1
28 4
80 9
62 14
74 23
72 25
53 27
17 38
23 50
94 57
61 70
14 72
30 83
29 87
85 88
49 89
49 94
92 95
73 99
56 100
26 101
51 104
64 106
78 116
8 121
34 122
80 134
80 135
4 136
83 137
42 142
65 143
94 145
33 150
13 153
99 155
71 163
50 166
15 169
23 172
45 175
68 176
21 180
25 184
90 185
95 186
20 190
33 191
26 193
45 195
61
36 6
25 10
68 12
52 16
57 17
71 19
51 27
15 28
55 36
66 39
83 40
54 42
53 45
65 46
85 59
21 60
46 62
13 66
19 74
55 75
5 78
32 81
46 83
20 85
66 87
61 95
83 100
30 104
31 107
5 108
24 109
93 110
59 114
83 116
57 118
4 122
85 123
7 127
61 129
26 136
76 144
88 150
77 152
68 157
80 163
68 164
27 165
17 167
66 170
32 172
35 178
87 181
80 184
13 185
3 186
88 188
76 189
95 192
100 193
55 196
87 199
55
43 2
39 8
76 14
92 20
86 21
18 25
75 28
39 33
64 34
14 35
7 36
34 38
97 39
80 49
85 50
16 57
12 63
75 71
20 72
99 73
49 74
28 75
77 81
49 86
70 92
28 94
78 100
26 102
15 104
86 108
19 120
99 123
17 126
32 132
33 140
27 141
71 143
10 146
95 152
23 153
68 154
93 156
45 157
47 158
97 160
52 162
69 168
61 176
7 177
99 179
33 184
54 187
9 188
2 189
40 190
66
18 0
12 1
52 2
19 3
37 5
62 6
70 11
49 15
89 17
33 18
53 21
84 22
39 23
50 27
53 28
64 29
81 30
42 31
72 32
40 34
24 38
86 40
77 45
2 54
27 56
49 57
32 58
57 62
18 63
98 70
70 76
11 79
26 84
88 86
61 93
23 94
67 106
99 109
57 111
38 115
61 118
16 120
42 123
2 124
76 135
26 136
44 137
54 141
1 145
39 147
5 148
15 149
54 152
16 159
30 160
32 164
77 171
6 174
20 175
55 177
69 179
80 185
95 188
18 190
88 194
19 195
60
91 1
54 2
18 3
95 10
21 11
5 12
36 14
28 15
36 16
96 17
85 27
37 28
58 33
42 37
73 39
63 42
89 43
45 46
82 51
93 53
98 60
59 63
82 72
54 73
21 78
67 86
96 87
43 88
39 99
2 102
68 105
23 108
18 109
85 111
48 112
6 113
38 117
16 119
65 120
52 123
23 128
8 131
52 138
81 143
3 151
61 154
35 157
37 164
26 167
41 168
29 169
58 170
13 173
87 175
86 177
29 180
49 189
55 190
82 197
87 199
68
73 0
32 5
24 6
42 7
7 15
87 17
68 20
5 22
15 23
2 24
33 25
8 29
68 33
54 34
30 35
29 36
79 43
26 49
52 51
50 60
60 61
54 62
91 78
65 79
10 87
24 88
37 89
52 90
50 91
13 93
18 105
10 107
9 108
23 109
35 110
5 111
86 113
60 115
76 116
81 117
14 122
50 124
60 127
2 129
56 131
6 132
53 138
83 141
96 143
19 151
60 152
20 153
66 157
31 158
96 166
57 169
45 170
49 171
7 182
1 184
100 190
61 191
31 193
3 195
81 196
15 197
25 198
43 199
53
4 3
28 6
32 10
29 12
19 15
74 18
66 19
40 22
67 24
39 28
37 32
2 36
85 49
54 52
48 53
78 54
53 60
96 62
4 68
68 70
86 71
89 72
35 77
96 78
35 81
17 82
98 83
5 84
17 99
84 101
65 102
87 109
47 116
28 119
80 124
36 130
41 132
19 137
74 141
82 143
93 151
79 152
22 156
63 158
39 159
27 161
99 162
12 171
46 175
31 179
51 183
40 193
65 194
53
53 14
80 15
26 21
3 23
31 24
95 25
85 35
66 36
99 42
22 43
50 46
8 47
6 48
92 50
24 53
94 56
23 58
54 59
10 63
34 64
44 66
33 67
41 68
90 70
77 71
33 75
91 81
12 82
44 83
27 84
38 89
79 91
81 93
72 97
26 101
82 108
2 109
86 118
88 127
1 131
66 139
37 152
68 153
15 159
62 166
20 167
13 168
39 175
46 178
42 184
81 191
88 192
98 193
60
4 2
4 4
32 5
83 10
52 11
4 12
80 19
12 21
13 22
16 23
63 28
31 32
40 35
31 38
55 45
10 46
100 51
20 54
29 56
97 57
20 64
62 72
69 74
6 75
45 80
42 81
66 91
79 93
71 94
16 102
4 108
38 109
21 115
13 123
81 124
80 131
79 132
14 136
88 137
44 138
33 143
11 151
92 152
32 153
9 154
31 155
57 157
62 161
29 164
94 167
8 169
66 170
92 172
21 176
31 182
85 183
14 184
71 190
25 191
54 198
55
63 8
12 9
17 10
75 11
83 23
72 25
23 26
91 27
27 32
72 37
6 38
43 40
13 41
7 49
75 63
49 67
83 69
93 80
74 82
94 85
92 88
72 93
32 100
32 105
74 109
37 110
75 112
35 120
3 121
56 122
70 123
17 126
74 133
81 138
40 145
93 146
29 147
60 154
50 156
74 158
29 159
31 162
8 164
94 170
51 171
56 172
40 176
93 177
31 182
21 184
50 185
17 188
31 189
66 196
48 197
62
49 0
48 3
8 11
90 12
9 18
45 20
93 28
1 32
59 39
48 41
40 42
70 43
23 46
74 50
50 53
61 55
98 56
48 60
43 62
79 65
79 68
78 69
21 71
78 72
81 75
8 77
27 80
42 87
6 92
85 96
82 98
76 99
40 103
6 105
10 113
40 119
37 123
49 124
56 129
24 130
48 131
23 132
25 143
74 146
93 147
95 148
38 153
2 155
48 156
16 157
61 158
96 164
64 166
6 169
54 175
91 181
29 186
50 191
89 193
28 195
21 196
56 197
71
55 1
19 10
38 13
3 15
98 18
27 20
53 21
51 22
84 29
71 30
22 33
84 36
62 38
60 42
4 43
63 45
1 50
95 51
44 52
49 53
42 56
19 63
5 66
34 68
11 69
52 72
27 75
35 78
19 82
90 84
8 86
92 89
2 91
14 92
41 93
19 94
69 101
16 102
39 105
38 111
51 115
51 119
90 120
35 122
33 123
60 126
44 128
33 134
3 137
1 140
92 143
33 146
41 158
29 159
69 161
77 162
9 163
71 164
14 165
8 172
53 174
50 177
4 178
10 180
71 182
8 184
88 188
26 190
24 191
13 198
38 199
62
55 1
41 4
30 7
32 11
50 13
9 14
69 15
19 18
99 19
97 20
49 23
39 30
77 32
39 35
24 36
66 39
99 41
11 42
8 43
25 47
20 51
19 54
25 56
53 57
55 58
55 61
17 68
80 71
69 75
94 77
48 80
95 81
66 92
8 100
16 102
47 103
41 104
69 108
65 112
41 116
83 121
8 122
81 123
78 129
26 141
96 147
88 153
79 159
17 161
15 163
39 164
41 168
45 170
38 173
29 177
28 182
84 183
83 188
6 189
21 191
74 194
61 195
58
18 11
91 12
67 14
72 17
51 18
56 19
75 24
89 30
17 34
9 35
37 36
86 41
88 42
89 43
24 44
4 47
41 57
70 67
21 69
24 71
12 73
14 77
65 79
37 80
61 89
19 93
52 96
95 97
50 99
78 104
39 107
80 114
11 118
55 126
48 128
34 129
16 134
16 135
23 138
1 140
10 141
32 143
47 144
76 150
74 151
91 160
81 166
17 168
65 169
72 174
32 175
11 177
42 181
96 187
78 188
95 192
59 195
51 197
55
93 3
3 6
8 8
20 10
58 11
99 14
88 17
70 19
28 23
95 26
97 27
73 31
34 33
32 34
80 36
49 39
14 42
12 43
79 52
54 58
100 59
19 62
19 71
66 72
57 73
48 74
34 75
19 84
40 85
11 86
28 87
58 88
66 89
63 92
86 97
19 102
28 106
62 108
73 109
60 111
85 116
87 118
38 119
31 120
67 122
41 134
50 150
13 152
55 157
49 163
96 181
76 182
7 195
28 198
81 199
50
98 0
87 1
98 7
97 11
46 12
56 14
33 15
46 19
15 20
59 25
99 27
24 34
5 41
72 45
30 53
26 55
74 64
84 73
1 74
35 76
65 82
18 87
66 93
6 99
55 108
40 109
54 118
38 119
19 121
38 126
9 127
3 129
87 134
56 135
98 139
8 147
88 151
64 157
74 159
33 161
46 168
31 174
69 177
40 179
29 181
65 183
41 186
8 188
14 192
68 193
66
50 3
39 6
8 12
9 13
64 16
30 19
60 22
2 25
61 33
47 34
87 42
38 44
89 45
34 46
10 61
72 64
70 66
37 70
66 73
8 76
27 78
6 82
83 83
27 90
97 92
66 93
84 94
64 97
60 100
94 104
27 105
75 110
42 111
47 112
27 114
20 115
67 116
77 118
72 119
16 123
52 130
52 132
76 134
33 141
64 142
62 145
82 146
12 147
83 148
5 160
30 161
49 164
41 168
89 169
65 171
46 172
77 173
64 180
15 181
83 182
50 184
88 187
70 189
79 192
56 193
11 199
55
26 0
82 2
33 3
26 19
31 20
32 24
68 27
58 29
64 35
56 36
13 41
8 42
55 45
60 46
60 48
58 49
58 50
10 52
93 55
74 60
26 61
48 63
56 64
60 70
82 75
20 81
16 84
68 85
40 88
80 89
86 91
65 92
23 95
43 104
10 116
27 118
2 122
66 130
77 131
24 138
21 142
58 146
73 157
27 163
91 165
39 166
71 172
38 175
72 180
10 181
27 183
22 184
18 187
1 191
16 195
63
34 3
74 9
68 11
22 19
80 21
2 22
53 30
60 31
73 36
48 38
32 39
16 41
19 44
95 47
80 50
56 54
35 60
33 61
26 64
56 65
14 67
5 68
78 72
84 76
88 77
37 80
9 82
42 83
12 84
75 86
39 87
55 90
32 98
15 100
90 104
79 109
56 111
96 112
29 113
89 116
34 118
51 121
4 126
34 131
43 133
36 134
53 138
78 143
18 146
38 148
27 149
73 152
52 159
21 163
93 174
11 175
36 176
92 181
1 184
75 187
58 189
79 191
97 198
64
1 2
89 3
47 4
75 5
6 7
78 9
15 21
26 24
52 31
43 32
51 33
47 36
95 42
49 43
81 48
56 52
84 54
61 55
96 59
84 62
12 75
3 77
57 78
90 79
91 83
64 84
98 85
38 86
11 88
87 89
42 92
51 103
31 104
94 107
22 112
64 120
55 121
83 122
30 123
79 124
20 126
84 128
70 137
5 138
9 141
80 143
10 145
61 147
56 149
75 151
56 155
47 157
93 158
14 162
9 167
32 169
84 170
22 175
39 178
60 180
41 186
7 190
3 192
79 194
68
11 1
40 3
85 4
9 13
63 15
47 16
54 17
83 21
26 28
88 37
58 43
99 44
51 48
72 49
11 51
75 52
50 55
48 57
51 58
67 62
41 63
1 64
96 67
23 74
49 77
33 78
95 80
3 84
68 86
35 92
30 94
77 95
56 98
21 100
56 103
50 105
94 111
26 114
96 118
64 119
64 120
76 121
36 123
86 124
84 132
22 135
91 136
75 138
26 143
35 146
32 151
18 159
6 160
56 161
66 163
37 168
86 170
56 172
79 175
82 176
16 177
14 179
63 184
57 186
39 190
65 192
40 194
24 199
57
11 0
49 3
70 11
97 13
57 14
26 17
19 19
85 24
81 28
23 33
63 34
69 36
34 38
80 48
72 52
52 55
40 58
33 59
40 60
18 61
72 68
55 69
42 70
34 74
50 81
71 85
83 86
49 87
8 88
75 93
68 95
24 103
53 109
63 112
12 113
39 114
73 115
48 120
52 123
71 130
18 133
81 134
23 137
17 142
42 147
53 150
8 153
11 159
63 168
3 171
19 173
54 174
64 180
58 185
52 186
73 187
38 189
72
20 1
41 2
24 8
85 10
1 18
48 25
45 32
46 34
58 35
21 36
45 40
39 41
91 42
90 44
29 46
27 52
85 54
18 58
8 59
54 61
68 66
38 68
31 72
39 74
50 75
36 76
63 77
52 78
98 80
45 82
74 83
52 86
88 88
82 92
46 96
8 100
100 104
40 113
2 119
92 120
20 121
73 123
57 125
74 126
6 127
19 128
15 130
87 131
96 132
73 133
7 134
81 135
14 137
65 138
23 149
32 150
33 152
17 154
54 164
46 169
54 171
11 172
33 173
47 174
74 176
68 179
33 183
12 184
73 188
82 191
28 197
76 199
66
68 17
4 18
46 25
50 26
23 27
87 29
33 30
64 36
92 38
96 42
85 44
61 46
90 47
96 50
81 56
48 65
95 70
97 71
2 73
60 77
4 78
59 84
47 86
5 91
87 96
53 97
41 105
84 106
90 107
15 110
77 111
61 112
66 113
38 114
68 115
88 122
42 123
93 124
23 125
26 131
87 132
6 138
10 139
13 145
48 146
48 148
49 153
34 156
80 159
75 160
58 161
74 163
22 170
3 172
54 174
82 177
53 178
5 183
70 189
15 190
1 192
5 193
80 194
89 196
1 197
92 199
67
43 2
37 6
21 12
3 15
19 17
60 19
43 20
41 26
17 27
92 29
1 31
89 32
66 44
28 46
93 50
11 54
6 58
65 60
47 63
10 66
76 69
91 70
100 71
40 72
19 74
26 76
32 77
34 79
33 86
49 90
6 93
71 102
38 103
7 104
88 105
60 106
34 114
18 117
83 121
99 123
85 127
9 136
29 141
87 147
26 148
92 149
39 151
54 152
41 153
18 154
14 158
98 160
19 168
21 169
98 172
88 174
13 175
17 176
1 178
12 179
93 180
21 181
55 185
77 192
48 193
2 197
80 198
68
38 2
82 5
2 6
15 7
80 8
63 13
86 14
15 18
9 25
28 26
14 27
89 31
4 32
70 34
73 37
49 40
5 44
11 45
20 49
75 50
82 51
22 52
26 53
12 55
22 57
100 61
82 66
1 70
56 73
62 74
24 76
46 85
20 90
2 94
77 99
82 101
49 103
57 108
89 114
98 115
24 118
39 121
81 122
50 124
71 126
83 128
58 131
51 140
33 142
4 152
69 154
42 156
68 158
49 160
48 161
65 163
31 165
97 167
1 173
30 174
47 177
70 178
87 184
51 186
75 191
68 192
99 194
25 198
63
93 4
60 7
52 11
43 12
53 20
74 26
67 29
32 33
18 37
2 40
70 41
36 42
64 46
12 50
29 51
70 55
42 60
63 63
1 65
86 66
76 70
7 74
9 76
79 82
51 83
98 84
66 86
88 91
70 92
23 93
4 95
1 98
48 103
88 104
60 111
47 114
19 116
84 117
41 119
4 120
67 127
18 130
28 132
18 137
79 138
8 142
26 147
89 150
89 153
63 154
70 160
56 163
85 165
91 167
11 170
95 174
80 180
44 181
23 183
21 188
57 189
13 190
97 195
63
96 0
35 1
50 4
86 10
97 11
17 15
16 18
89 19
75 24
18 32
59 35
15 36
54 38
60 39
33 42
73 43
18 44
72 47
42 53
14 58
92 60
20 66
94 67
77 71
99 72
21 74
62 79
92 81
15 84
4 93
37 97
47 99
67 103
31 104
97 107
97 119
60 122
39 127
88 129
65 130
59 131
69 133
11 134
21 135
71 138
24 146
62 147
37 151
49 152
30 162
18 165
62 168
23 170
10 172
43 178
4 181
46 182
36 183
18 185
15 190
57 191
1 195
68 198
74
32 1
54 4
13 10
33 15
97 20
82 21
10 22
91 28
82 30
33 33
94 34
17 40
7 41
12 43
5 44
91 45
51 49
87 53
65 55
24 57
51 59
20 67
98 68
1 74
47 76
50 79
50 80
87 82
66 89
8 91
55 92
92 94
90 101
31 103
46 104
56 105
79 107
26 109
93 110
8 111
92 114
81 118
94 120
98 122
29 127
99 129
54 134
42 136
16 139
47 140
85 141
30 142
89 149
11 150
86 155
41 157
2 159
43 163
86 164
11 165
22 168
29 169
38 170
27 175
54 176
93 179
73 181
33 182
91 183
33 185
10 187
26 189
95 194
18 196
57
55 0
61 1
68 14
17 16
25 17
74 18
36 19
82 20
67 21
93 23
78 27
21 31
36 36
10 38
4 40
25 49
100 54
74 57
20 69
85 70
97 75
42 76
29 78
19 79
31 85
31 86
95 89
19 95
6 97
26 101
31 106
17 107
14 108
86 110
86 117
83 119
80 121
57 124
95 125
8 130
53 131
70 136
82 137
25 140
5 141
36 142
51 144
53 155
79 156
64 158
72 164
11 175
29 179
74 185
57 187
3 194
61 198
55
6 2
37 4
58 7
6 8
96 10
19 14
75 15
36 16
50 18
90 20
29 21
63 22
47 24
71 26
31 28
81 31
24 32
94 35
90 39
35 40
4 44
34 51
89 56
67 58
8 62
68 69
15 72
39 76
25 80
64 83
91 91
23 93
9 106
8 110
98 112
42 116
12 120
55 125
41 128
42 134
7 135
75 138
79 142
52 151
32 155
85 156
43 163
72 173
75 178
21 181
88 186
74 187
91 188
34 197
16 198
55
17 2
36 9
31 12
54 13
92 16
52 17
71 20
33 24
88 25
56 27
37 30
41 33
42 49
18 52
77 54
100 60
35 61
46 62
28 63
73 66
65 68
67 69
39 74
7 75
84 81
64 84
12 94
91 101
20 105
47 108
11 109
58 118
9 121
100 122
34 124
82 129
15 130
67 131
54 134
48 146
79 150
32 154
96 157
82 159
78 161
78 163
98 166
33 175
1 176
24 177
59 185
96 192
76 193
21 195
21 199
49
17 0
83 6
35 7
70 8
46 9
23 13
61 14
22 26
40 29
96 30
17 33
43 36
95 37
13 38
45 39
96 43
76 50
68 71
11 73
2 77
20 79
77 85
37 88
60 92
57 95
59 121
63 128
28 136
69 137
7 138
69 143
98 145
71 146
59 151
99 152
76 156
55 157
13 160
90 161
96 165
83 166
35 167
57 171
63 179
93 184
88 188
73 193
69 194
98 199
62
33 2
37 4
66 7
46 14
64 16
61 18
50 19
74 23
71 25
59 34
87 38
74 40
48 43
91 46
86 52
93 56
91 58
18 65
31 66
57 68
40 71
43 72
92 73
20 74
86 76
99 85
31 86
81 87
72 91
42 92
90 95
1 96
46 103
7 108
10 109
64 115
53 120
92 126
16 128
48 138
72 142
82 143
19 144
6 145
45 146
39 152
62 153
94 155
43 159
20 162
100 163
24 164
9 166
84 168
81 172
16 175
8 179
50 181
48 182
31 186
38 196
46 197
59
55 0
23 2
43 6
60 7
63 9
11 10
53 15
20 17
39 19
50 24
49 27
9 30
11 35
8 36
74 37
74 45
8 46
36 50
28 57
27 59
25 60
56 68
53 69
1 78
87 79
36 84
23 87
18 89
10 90
78 94
71 101
66 102
58 103
65 104
63 107
17 111
62 122
2 123
34 125
38 126
22 129
65 138
68 141
47 143
45 148
83 150
90 154
63 156
26 163
25 164
67 166
84 172
75 173
48 175
73 181
16 186
14 190
51 196
58 198
52
7 4
4 6
29 10
96 12
42 15
3 18
15 19
21 27
52 28
94 36
32 38
25 42
9 43
21 51
84 52
15 54
91 61
39 63
2 68
59 69
70 73
28 79
88 82
87 90
54 93
26 94
47 97
87 101
28 103
3 108
81 110
71 111
23 116
100 120
60 121
21 123
72 127
68 143
94 145
83 147
7 155
7 159
41 168
23 170
8 172
65 173
35 181
14 184
22 186
78 194
75 195
33 198
62
58 7
67 8
44 9
45 10
90 12
5 15
76 16
71 17
1 30
29 32
57 36
73 38
56 41
24 42
45 47
21 50
70 63
63 70
79 74
7 76
10 79
38 80
6 83
14 86
96 88
66 90
46 93
84 95
61 96
78 97
20 99
13 111
11 113
27 116
22 117
44 119
34 120
46 123
17 124
75 131
14 135
50 138
3 140
77 142
88 143
1 149
91 150
81 152
24 153
12 156
5 158
70 159
14 161
8 165
69 166
67 167
1 168
86 190
7 191
81 192
64 193
32 195
65
28 4
63 5
33 6
30 10
47 11
18 14
80 24
6 30
96 35
66 37
48 41
39 44
60 47
82 48
69 49
56 51
15 54
85 58
80 65
82 71
12 72
78 73
21 77
38 82
65 85
13 86
11 90
91 93
83 94
96 105
35 106
21 107
79 108
79 109
70 113
94 114
52 115
92 117
80 129
35 131
16 132
5 134
76 136
5 140
5 141
85 142
80 143
54 145
78 147
11 148
49 149
63 152
95 154
69 157
4 159
32 160
10 164
40 165
8 174
83 175
84 179
33 181
74 186
55 192
28 197
56
87 3
9 7
87 11
69 13
72 16
41 20
4 23
51 24
23 31
1 35
64 37
84 41
28 46
73 47
37 52
11 54
42 55
92 62
34 66
82 67
76 71
6 72
75 74
58 76
22 77
2 79
50 81
39 85
28 87
69 95
35 98
65 100
74 105
41 112
10 116
18 117
67 120
52 121
3 123
27 129
80 132
37 134
62 142
18 151
26 152
3 154
52 157
98 159
85 165
37 177
14 182
83 186
43 191
26 193
88 194
48 198
56
56 8
82 18
17 21
76 25
41 32
1 33
77 36
20 43
17 45
26 47
81 50
76 55
71 56
60 61
35 66
62 71
3 79
77 83
33 87
13 91
56 93
69 95
17 98
70 102
60 114
31 118
90 121
37 122
25 124
33 127
33 129
51 136
2 138
74 141
24 142
92 148
38 149
20 151
51 155
44 158
84 159
5 160
68 168
74 169
51 170
3 171
34 176
75 178
32 183
96 184
19 186
65 188
94 190
13 194
47 195
9 196
57
29 0
2 14
80 17
94 23
11 24
37 26
12 28
87 34
73 35
17 38
80 41
48 46
64 53
66 55
88 56
6 58
100 60
69 64
38 65
97 67
94 71
2 81
38 86
41 89
59 92
87 101
12 105
30 107
5 110
35 113
51 115
51 119
70 127
47 128
43 132
38 136
80 137
63 141
43 145
56 160
89 163
2 165
22 167
76 169
44 170
33 173
17 175
71 177
86 180
89 181
74 182
60 185
46 187
77 193
55 195
37 196
69 199
53
67 2
72 4
13 5
93 6
21 13
63 14
66 15
11 16
53 36
24 38
40 40
95 48
92 52
19 61
44 63
11 66
2 68
40 70
69 87
89 97
5 99
35 105
21 106
72 111
9 114
85 115
26 122
67 123
59 126
22 129
100 130
76 131
59 132
20 137
7 144
54 146
33 148
97 158
70 159
9 160
77 162
52 166
59 173
69 174
99 176
47 178
8 182
4 183
61 189
30 194
36 195
28 196
91 198
58
11 0
78 1
72 2
10 6
53 18
36 19
88 20
69 32
76 35
19 39
46 41
13 44
30 47
11 48
59 50
23 54
35 55
74 60
39 64
45 69
30 71
53 74
32 75
31 77
54 78
42 98
87 102
55 103
78 105
93 106
15 108
53 109
99 110
34 112
83 115
24 117
48 122
30 124
56 127
13 129
45 135
40 139
24 149
4 150
78 154
59 161
74 163
93 171
7 174
8 176
5 179
68 180
66 181
31 184
96 186
44 187
66 188
40 190
65
48 1
65 7
34 11
57 17
55 24
24 30
55 31
59 32
36 36
7 40
5 41
49 42
11 54
82 55
57 56
71 58
22 61
7 62
63 63
70 66
63 67
6 68
3 71
13 72
4 74
67 75
33 80
12 81
62 86
75 89
24 90
97 92
17 99
50 112
18 115
96 118
59 125
39 128
87 131
28 137
68 139
71 141
87 144
12 146
52 149
9 152
20 153
7 154
21 156
27 159
79 164
49 165
2 166
23 168
28 170
47 171
23 172
45 182
96 184
80 185
85 186
62 190
79 195
35 197
18 198
65
46 0
9 1
46 10
97 11
61 16
65 20
10 26
83 28
96 30
59 31
65 37
14 38
89 41
90 44
46 46
9 48
97 53
36 57
55 62
96 69
57 75
43 83
63 84
36 87
81 89
25 97
18 102
19 105
63 107
35 110
40 111
80 113
21 116
74 117
32 122
40 124
58 126
99 129
74 133
16 134
36 136
12 138
76 140
90 143
54 144
87 146
58 154
91 156
22 158
13 160
33 161
2 163
53 164
69 165
58 166
47 167
47 169
12 173
68 174
82 184
53 186
58 191
36 194
47 195
31 197
62
100 0
47 12
55 14
4 15
46 20
21 23
73 28
19 29
21 30
18 31
12 41
76 43
60 45
99 46
75 49
63 50
1 52
48 55
50 57
93 58
49 71
77 72
88 79
71 83
73 84
65 85
32 92
29 93
24 94
21 97
62 102
89 111
30 112
2 125
60 129
87 132
11 137
8 139
94 142
88 147
4 149
95 150
52 161
86 162
22 163
76 165
27 167
41 170
43 172
44 174
9 178
55 179
20 181
72 183
43 184
71 189
12 190
6 191
64 192
91 193
44 195
3 199
57
41 0
74 4
85 5
10 6
33 10
75 13
22 15
13 17
100 23
55 24
97 29
26 30
74 34
3 38
76 39
23 49
81 51
8 56
60 57
38 59
89 60
45 63
12 65
99 67
95 68
2 71
93 74
69 79
50 83
94 89
32 95
14 103
88 107
6 108
84 111
56 112
12 113
72 118
94 120
86 124
100 126
96 130
33 131
47 133
33 137
8 138
56 142
4 151
6 157
94 164
21 167
91 168
19 169
77 172
51 179
75 185
94 193
55
77 4
60 11
96 12
64 17
88 19
63 21
16 24
28 36
67 38
16 46
10 55
3 56
79 59
91 61
4 64
13 66
45 69
43 77
73 78
4 80
32 84
82 86
5 87
34 89
70 91
2 93
61 94
93 98
95 99
78 102
42 106
65 107
77 108
89 112
18 116
12 117
55 123
77 127
45 129
70 130
97 131
51 138
78 139
51 147
25 148
29 151
85 152
95 154
85 155
5 160
50 171
100 174
18 177
34 193
43 198
52
15 0
83 2
45 4
81 7
48 9
43 16
59 20
25 21
4 23
78 29
1 32
16 37
48 38
19 40
82 50
3 52
37 53
77 54
50 60
74 65
79 67
3 72
81 75
94 82
39 84
62 86
94 98
63 104
40 109
89 115
22 116
36 118
85 122
55 123
57 124
41 129
2 136
64 137
56 140
95 146
85 160
89 166
79 167
70 168
26 169
94 172
15 174
99 182
38 189
99 190
52 195
97 196
63
76 0
12 7
94 8
95 13
32 14
5 23
66 25
38 26
25 33
17 34
61 37
50 48
14 49
71 51
85 56
3 64
25 68
20 69
62 71
80 72
69 74
18 76
40 82
27 84
62 92
47 95
95 97
45 100
2 101
47 104
64 105
1 107
38 110
40 114
16 124
91 127
98 128
35 129
78 132
66 141
2 142
95 145
23 150
8 151
50 152
65 153
2 157
7 159
27 161
39 165
33 168
40 172
98 174
75 175
81 177
84 179
36 181
87 182
7 186
10 188
79 191
56 197
18 198
58
58 1
59 14
41 15
69 16
76 17
46 19
74 20
81 21
29 26
47 28
14 29
32 30
52 32
5 34
61 37
78 42
32 46
60 47
72 53
5 55
75 57
49 62
67 68
83 72
84 74
93 78
66 81
43 84
1 85
13 92
18 93
69 104
18 107
68 123
50 124
5 129
17 134
21 138
97 144
2 148
7 151
20 152
23 155
36 157
96 161
11 164
46 165
52 168
8 172
73 174
66 177
100 178
34 181
5 183
58 186
86 187
47 189
60 192
60
99 0
80 1
49 2
69 3
79 10
37 15
83 16
90 20
39 21
68 30
11 34
69 40
71 41
36 50
77 64
16 68
40 71
71 78
50 82
48 89
94 90
10 99
68 107
20 112
51 113
62 114
52 117
40 119
39 122
79 123
46 128
73 129
67 130
32 131
62 133
25 135
18 137
40 142
87 144
51 150
37 151
48 153
60 156
46 161
87 165
53 166
88 167
94 172
58 177
23 178
59 179
61 183
17 185
34 186
52 188
48 189
64 191
85 192
82 193
29 195
59
63 1
2 3
74 5
76 6
10 12
60 13
7 14
91 15
57 17
56 20
14 21
6 24
39 30
16 31
75 32
72 37
7 39
93 44
50 45
47 48
51 50
51 51
20 55
34 56
77 57
44 59
24 63
86 65
23 66
16 72
66 94
24 111
36 113
29 115
39 118
3 119
89 123
3 126
44 130
6 133
23 134
81 135
67 138
40 140
81 141
75 142
73 146
98 149
54 152
12 154
19 156
78 158
68 161
61 170
95 174
97 184
9 189
96 197
97 199
59
76 4
91 6
86 7
91 13
26 24
94 25
8 30
46 35
13 37
54 38
17 40
34 42
2 43
86 44
13 45
61 47
66 49
9 53
30 65
49 70
80 78
51 83
1 84
3 89
86 96
21 99
89 100
37 101
91 108
58 109
11 112
45 113
29 115
45 116
65 117
100 118
1 119
95 121
74 124
9 126
51 127
68 132
62 141
56 143
5 146
64 151
35 161
99 169
90 172
56 175
94 176
20 177
63 178
53 179
44 186
48 192
41 193
30 194
69 199
71
13 0
39 3
23 10
34 11
68 12
21 14
7 15
55 20
64 22
71 23
92 25
2 27
66 30
74 33
30 40
36 42
72 50
33 56
47 57
36 58
81 59
72 60
37 62
19 67
70 69
58 74
29 78
74 81
50 84
86 86
23 89
12 92
99 94
39 98
5 105
46 106
93 110
53 111
33 112
8 115
68 118
83 120
55 122
22 124
82 125
65 126
18 129
33 133
100 136
12 142
59 150
96 152
30 154
48 157
35 160
53 162
84 163
16 166
45 167
48 170
69 173
95 174
59 176
64 179
72 185
27 186
71 190
9 191
59 193
88 197
3 198
57
52 4
32 6
49 13
48 15
19 16
58 17
2 21
29 24
45 25
9 31
21 43
16 46
31 48
90 52
94 54
66 55
99 60
21 61
64 65
37 70
71 74
35 77
20 78
90 83
64 104
91 107
42 110
57 115
20 117
16 118
97 122
36 124
49 131
93 135
54 138
97 140
59 141
30 142
61 144
74 145
37 148
83 151
18 155
98 159
1 164
53 166
49 168
99 170
31 173
45 175
1 176
73 180
1 182
84 183
83 190
18 194
51 198
49
36 2
57 4
40 12
21 17
1 20
11 30
58 31
9 33
74 34
55 35
40 36
34 37
15 42
52 45
57 47
74 48
71 51
57 59
19 63
51 64
37 66
17 69
51 75
19 76
59 81
6 89
9 90
45 92
23 93
85 98
4 105
90 116
26 118
6 120
1 134
59 138
90 144
51 145
14 149
95 151
58 152
74 153
59 154
31 163
12 170
62 178
65 179
82 190
5 191
62
32 0
76 2
13 5
14 7
46 9
58 12
6 14
89 15
25 18
99 20
96 26
8 28
46 35
53 36
81 46
21 52
67 57
72 60
98 63
55 64
87 65
27 68
8 69
31 71
92 76
68 79
67 85
36 87
4 93
31 95
77 97
34 99
80 101
42 104
93 109
72 110
31 111
68 115
68 117
70 118
33 120
57 126
98 127
95 128
7 129
92 134
44 137
39 138
41 143
80 145
74 146
34 147
85 149
70 157
88 159
43 162
81 171
82 174
38 175
46 189
66 195
28 198
57
85 0
77 3
39 8
83 13
46 17
88 20
95 21
38 27
54 30
31 32
79 33
3 44
27 46
68 47
92 49
36 53
97 64
43 78
41 80
78 83
43 84
31 87
41 97
2 99
92 100
70 104
98 107
13 108
45 109
39 110
30 112
82 113
28 117
44 121
22 122
60 126
40 128
83 134
77 136
75 137
7 140
7 147
5 150
27 152
57 156
35 161
18 163
89 164
38 166
65 167
43 168
14 177
2 181
38 182
54 183
22 185
99 190
46
52 4
63 15
35 19
8 20
27 23
7 26
95 33
8 37
17 38
95 40
51 41
38 46
16 47
36 50
51 53
29 60
46 62
14 66
15 75
82 79
47 82
88 86
56 90
62 98
76 103
97 111
85 112
93 113
63 115
71 123
77 129
80 134
9 135
25 143
63 144
50 145
33 151
6 155
28 158
41 160
7 161
57 164
23 165
12 176
55 178
45 196
57
18 3
85 5
44 7
55 10
92 21
80 26
76 31
26 33
99 36
80 45
57 49
38 53
72 60
52 67
58 68
100 69
45 71
97 72
56 73
62 74
46 77
66 78
18 79
68 81
35 82
21 83
25 89
47 93
74 94
70 98
98 100
70 101
85 102
11 104
53 110
88 126
46 135
51 136
9 138
60 140
73 147
71 158
44 162
45 167
95 170
69 173
39 175
7 176
70 179
14 181
12 183
44 184
70 185
69 186
86 194
47 195
21 197
64
3 5
36 6
92 17
8 20
97 21
13 22
73 26
92 27
92 28
46 32
92 33
3 34
72 38
39 44
60 52
93 57
94 59
96 64
81 71
93 74
22 75
58 76
19 77
14 81
100 86
47 92
37 95
43 96
89 100
88 102
99 104
73 105
31 111
16 112
7 113
77 114
68 118
51 120
96 121
35 125
6 128
14 133
45 136
27 144
70 146
35 151
59 155
78 156
66 161
38 162
55 165
2 166
13 167
79 171
93 173
87 179
30 180
35 181
63 182
94 187
97 189
33 195
58 196
25 198
46
70 4
46 5
86 7
67 11
21 17
26 18
9 23
82 32
93 36
92 38
61 46
11 47
68 49
91 56
24 58
11 60
86 63
94 65
76 71
54 72
59 73
40 75
10 78
19 79
37 81
78 90
81 94
95 100
48 105
82 106
96 112
70 117
65 122
29 132
91 133
91 135
66 138
45 139
53 145
59 148
8 150
48 165
18 183
15 188
46 197
50 199
53
79 5
28 9
85 14
3 20
12 22
30 24
99 28
79 32
1 33
13 38
61 42
5 45
93 49
9 63
13 67
1 70
44 72
78 76
99 77
29 81
4 82
28 86
97 87
14 88
45 91
88 92
3 94
61 95
17 96
82 99
13 101
1 102
14 104
42 105
30 113
73 120
68 123
77 133
77 134
3 137
30 138
72 139
45 142
7 145
56 151
7 167
19 171
15 173
80 179
8 182
51 186
100 193
24 195
59
51 0
77 1
30 2
5 8
20 14
47 23
30 24
92 25
60 30
75 32
90 37
41 45
61 50
67 51
80 54
85 59
10 61
65 64
81 66
37 67
35 68
100 75
50 79
82 86
14 93
86 96
37 101
32 105
89 107
59 112
79 113
3 117
87 123
80 131
40 135
19 136
56 137
64 140
73 143
25 147
17 150
77 151
67 155
93 158
20 159
28 160
89 162
35 164
69 165
86 172
54 173
44 174
70 176
32 178
11 184
41 191
26 192
80 193
90 194
65
57 4
13 10
14 14
25 15
15 22
77 25
40 28
52 33
12 34
31 36
15 39
82 45
9 47
72 49
89 55
89 60
31 62
71 63
36 65
30 67
46 68
14 69
29 71
77 75
62 78
67 80
27 82
4 84
50 85
73 88
73 90
55 106
56 112
44 113
47 114
89 119
82 120
88 130
57 132
43 134
72 137
68 138
76 141
56 144
24 145
53 153
83 155
15 156
7 159
88 162
72 163
29 165
89 166
40 174
63 175
89 176
32 178
21 179
83 183
91 188
69 191
81 192
4 196
75 198
22 199
53
46 3
65 4
72 8
52 10
36 13
76 14
65 15
52 21
24 22
11 25
73 30
11 31
87 34
32 37
90 57
47 58
20 66
91 68
74 70
81 71
79 74
65 78
35 83
30 84
59 88
93 89
95 101
32 107
48 108
79 116
41 122
92 124
41 131
3 132
39 135
4 136
59 139
88 144
100 148
67 152
87 161
17 164
43 165
65 166
62 167
15 170
98 171
76 178
65 184
71 185
52 195
25 197
16 198
54
58 0
40 5
1 14
8 19
89 25
83 26
99 31
32 41
20 43
85 45
48 46
49 47
33 48
43 50
76 53
98 55
19 65
38 70
41 75
90 76
9 85
34 88
68 94
7 96
38 101
16 102
85 111
72 120
98 123
85 129
55 137
59 139
15 141
71 148
63 149
44 152
23 153
77 158
46 159
98 160
58 161
18 162
35 163
29 164
89 165
31 168
64 174
49 177
21 178
12 180
22 183
39 185
15 191
99 197
49
99 1
43 3
51 4
78 13
39 17
87 19
3 20
27 21
33 28
58 29
30 32
65 38
75 39
61 41
30 42
3 43
65 48
49 49
81 55
38 56
48 63
9 70
90 85
28 86
51 87
44 92
91 93
96 102
86 104
44 109
34 114
98 119
96 121
94 125
71 134
54 139
85 147
81 148
40 155
69 156
100 164
27 172
53 175
8 184
20 190
100 191
44 193
18 194
20 199
61
65 0
59 4
70 6
55 8
27 9
87 15
100 18
68 21
3 30
25 33
11 34
68 40
22 41
26 47
66 51
98 53
76 55
6 57
54 60
64 69
10 75
18 76
80 78
98 83
48 84
59 86
17 87
100 88
75 89
91 91
93 92
12 97
42 100
33 102
12 104
48 105
79 110
22 113
46 114
55 115
23 119
10 120
48 137
18 138
17 139
26 140
75 141
82 150
51 151
87 155
13 160
14 164
29 166
33 170
19 172
31 176
97 181
98 184
86 190
32 196
8 199
57
24 7
88 11
72 12
61 13
21 16
44 17
47 18
78 28
63 29
73 32
58 36
36 38
87 41
58 43
77 44
28 47
61 50
85 58
94 70
17 74
52 77
51 82
82 89
93 92
35 93
60 95
16 104
84 110
85 113
41 115
43 119
70 121
89 125
15 129
88 130
49 131
25 132
92 138
43 141
89 146
10 147
96 148
85 153
59 157
47 161
3 165
52 166
87 168
36 170
97 171
33 175
66 176
47 177
83 182
10 183
2 186
76 198
63
47 0
23 1
42 4
44 8
26 12
31 17
13 22
30 24
83 27
78 30
1 33
39 34
19 35
41 38
37 39
87 41
89 45
84 47
47 51
43 53
17 54
33 58
72 59
26 61
30 64
2 65
32 66
90 72
18 75
90 77
7 83
38 84
23 85
39 91
75 92
18 96
76 100
27 109
77 114
86 115
85 122
41 124
6 125
99 130
6 133
58 134
6 140
52 145
41 146
83 152
12 155
9 158
72 160
71 166
37 167
49 170
32 175
28 181
78 184
93 185
23 187
22 189
67 198
54
73 3
44 8
61 14
75 15
33 19
92 23
98 31
3 38
42 45
16 46
46 55
93 56
27 57
22 59
19 66
89 67
20 72
75 77
1 80
61 85
36 88
17 89
15 91
27 101
77 106
51 107
37 110
77 112
69 114
82 123
84 124
61 128
51 129
64 134
40 141
99 142
49 144
71 145
65 146
59 147
36 148
66 153
83 154
54 158
59 163
60 165
43 167
27 169
85 170
94 171
36 179
68 180
49 189
30 198
76
91 1
22 2
1 4
78 11
21 17
23 18
38 27
6 28
95 29
14 35
77 38
92 39
43 41
11 43
37 47
80 51
79 52
85 66
23 67
70 68
20 69
60 70
28 71
26 73
3 76
85 78
56 81
16 85
58 88
77 92
15 94
33 95
22 96
16 97
12 100
3 104
20 105
24 108
75 110
21 111
68 113
90 119
85 120
9 123
30 125
26 132
23 135
88 137
3 144
36 146
22 147
47 148
55 149
57 150
42 151
9 152
47 154
69 155
46 157
40 160
91 161
42 162
11 163
79 164
91 166
5 168
89 174
34 180
33 186
8 189
58 190
98 191
67 194
61 195
90 197
58 198
55
13 0
55 1
60 4
88 6
62 7
66 10
28 12
95 24
40 30
4 31
30 35
44 36
99 39
6 42
81 46
2 48
1 49
35 54
28 63
39 66
1 71
24 87
85 88
22 89
32 90
75 95
37 100
93 103
18 105
22 107
9 108
95 115
11 116
43 118
33 121
63 122
49 123
80 126
91 127
17 131
33 132
95 133
85 135
89 143
27 147
46 151
19 166
34 167
67 169
99 171
84 177
59 181
23 182
82 184
40 195
53
4 4
42 5
8 7
50 9
52 14
68 17
89 22
10 25
5 26
97 27
18 33
1 35
71 36
27 40
26 53
39 57
32 63
65 68
27 69
85 72
5 75
98 76
84 77
83 78
18 85
26 88
81 95
69 103
82 105
23 108
17 112
70 114
63 120
42 132
37 133
46 135
17 143
60 146
13 147
90 150
93 152
15 155
18 168
90 173
79 174
21 176
30 178
99 187
79 190
81 192
2 196
16 197
42 198
60
68 4
54 6
31 7
100 9
30 17
7 23
78 27
63 28
94 32
90 36
50 37
65 41
15 43
91 44
35 48
90 61
95 65
46 67
15 68
61 72
55 73
72 81
13 82
90 84
21 86
45 90
60 98
70 104
76 106
52 107
2 111
6 113
90 115
25 116
22 118
31 123
61 124
9 125
14 131
84 132
53 139
67 140
47 145
13 150
17 152
87 161
20 162
7 167
74 168
82 172
69 174
18 175
43 180
27 181
56 183
67 184
5 189
83 195
47 198
100 199
62
71 0
46 6
48 9
28 16
29 22
96 25
31 27
66 32
77 41
69 42
57 43
42 44
44 45
92 52
79 60
27 64
55 65
4 68
50 69
51 80
69 81
81 82
43 87
42 88
26 90
90 91
29 96
30 102
39 105
6 107
66 111
62 113
62 115
6 116
79 123
91 124
98 131
17 138
32 141
68 142
67 145
90 146
91 147
30 150
44 151
27 153
83 156
80 160
88 167
13 168
31 169
97 171
58 172
59 173
11 174
100 176
32 177
100 182
44 187
22 189
89 191
52 196
60
80 9
93 10
10 18
42 23
56 28
10 30
55 38
7 41
25 42
32 50
67 54
61 55
27 62
27 63
16 64
98 69
36 72
33 74
53 77
23 83
100 86
12 87
21 94
29 98
33 102
91 103
46 104
56 106
1 112
69 114
41 117
31 118
95 119
40 120
26 121
15 124
57 126
74 134
57 136
85 138
22 140
11 143
20 149
33 154
79 157
84 160
64 162
4 164
80 165
42 170
66 172
99 174
12 175
23 177
37 179
80 180
54 188
3 190
72 193
86 199
60
64 0
32 1
61 2
37 6
21 10
63 15
80 24
47 31
72 33
92 38
1 42
96 44
24 47
88 48
10 52
56 55
85 59
55 61
85 63
67 66
31 67
54 72
50 77
18 78
24 82
43 84
8 89
42 93
78 97
91 99
8 105
14 107
42 110
67 114
29 115
4 116
57 119
35 120
61 125
80 126
41 129
81 131
31 134
45 147
32 148
67 153
34 155
81 157
22 158
81 160
85 161
90 164
50 166
81 169
85 177
73 178
27 180
86 181
60 183
97 198
60
29 0
13 7
67 9
74 12
9 17
4 18
93 20
36 23
96 25
51 26
5 27
52 28
97 29
96 30
89 31
90 34
13 42
99 44
17 50
22 53
69 62
73 65
12 68
1 76
98 81
11 82
4 84
84 86
86 88
72 89
57 91
45 94
40 97
2 100
3 103
79 108
94 112
9 117
24 123
87 130
72 132
63 134
20 135
50 139
30 140
74 142
76 144
33 146
79 148
62 150
95 156
88 164
46 165
27 169
10 170
39 171
83 187
75 190
98 192
11 199
62
86 3
30 6
84 7
78 8
48 15
63 18
39 20
71 25
49 31
20 37
47 42
24 43
30 45
8 47
61 48
11 51
86 53
67 65
13 75
22 80
10 86
81 87
86 88
1 98
43 100
86 102
74 103
90 110
94 114
42 125
28 127
90 130
2 132
65 133
35 136
4 138
46 142
38 144
79 146
6 147
82 148
41 150
37 152
15 153
51 156
19 157
1 159
1 163
97 165
85 166
1 170
57 172
59 176
100 177
29 182
91 183
27 184
16 188
33 190
37 191
4 194
77 196
62
29 0
59 4
51 5
84 15
54 16
60 19
66 28
43 34
41 35
14 38
64 42
50 46
90 52
63 53
28 56
45 58
58 59
83 62
74 63
48 65
57 67
88 69
21 73
10 74
38 76
31 81
56 82
47 88
20 90
91 91
23 98
26 103
13 104
23 105
35 115
97 116
34 117
15 120
85 121
72 126
22 129
26 130
72 135
41 136
9 138
95 140
73 146
31 147
40 152
71 155
6 156
64 158
61 165
8 166
3 182
29 187
51 188
30 190
84 193
42 195
81 198
29 199
55
71 2
4 3
19 11
18 15
13 16
86 20
28 21
23 24
50 26
63 28
65 29
38 32
72 35
6 47
52 49
24 50
52 54
71 55
84 57
50 59
95 64
55 65
61 67
95 68
94 75
76 79
56 80
39 94
74 97
84 101
51 102
50 113
75 116
20 119
22 123
41 124
71 126
83 130
91 134
82 139
27 140
86 143
23 145
77 150
9 156
60 160
98 162
64 165
96 167
11 168
89 173
11 175
84 192
21 194
1 198
69
66 4
45 7
18 11
15 23
62 27
88 29
93 31
29 33
41 34
33 36
29 37
24 41
43 42
74 44
67 47
3 51
59 52
44 53
4 58
97 60
62 65
39 67
52 68
26 71
41 72
71 74
28 79
94 85
93 88
67 92
18 97
62 98
75 100
92 106
64 109
31 111
41 113
7 116
94 117
75 120
50 121
66 125
36 127
28 129
83 130
92 133
85 137
64 138
78 141
95 149
63 150
87 152
74 155
43 156
71 157
81 160
99 162
3 165
54 166
54 169
87 177
29 178
72 180
62 185
34 186
53 189
29 193
80 195
70 197
58
65 0
84 1
64 2
90 8
68 12
67 19
49 20
78 22
31 26
28 30
23 32
31 37
15 38
16 39
98 40
11 46
86 48
21 53
55 54
91 62
38 65
89 67
87 69
64 72
28 73
32 75
18 78
69 79
50 83
62 89
21 93
22 97
89 100
60 112
46 115
68 118
63 119
23 120
88 122
100 123
46 128
2 130
3 131
56 133
75 144
81 146
44 149
51 150
26 161
82 167
7 169
42 171
3 172
41 174
59 175
31 184
67 193
71 194
67
98 5
28 6
84 8
26 9
49 10
60 12
33 13
45 14
47 15
13 16
40 17
55 20
78 27
82 30
50 31
21 33
41 38
66 39
46 41
54 42
69 43
77 46
49 48
91 53
96 56
54 67
85 69
67 70
66 71
17 72
91 74
91 91
31 92
31 95
34 97
6 98
98 102
22 112
37 113
71 115
99 116
67 117
87 122
77 127
74 128
54 131
9 132
61 134
55 136
14 137
37 141
18 142
28 144
14 147
23 149
64 151
92 152
83 156
82 157
86 160
98 161
69 162
86 181
39 182
93 188
21 195
52 197
60
8 0
50 3
13 6
96 10
14 11
2 15
13 16
95 21
68 26
45 30
24 33
13 34
28 36
22 37
68 41
94 42
97 43
94 45
20 47
17 49
83 53
38 55
53 58
15 59
67 60
1 69
34 70
59 74
31 75
84 86
12 93
63 96
97 102
7 105
92 112
49 114
2 118
61 130
87 136
65 138
2 139
56 141
92 142
71 153
4 154
87 155
77 156
17 157
70 159
22 162
81 166
92 172
93 176
94 179
54 185
14 189
98 190
37 192
4 196
72 199
51
61 0
4 1
58 3
23 6
63 8
26 12
66 16
56 20
53 25
99 29
83 30
54 32
28 37
8 42
48 46
4 47
92 48
37 49
79 50
16 51
92 55
46 56
18 67
22 74
96 83
23 88
78 93
97 97
45 101
17 102
26 106
40 109
50 112
52 113
20 117
82 125
80 127
79 131
43 132
56 135
14 152
76 156
81 157
63 166
10 176
38 180
14 182
70 190
64 192
98 194
19 199
62
1 6
76 12
35 13
5 15
55 18
9 23
28 31
96 32
61 34
52 36
43 37
7 45
80 54
60 62
92 64
61 66
48 67
98 74
98 77
17 78
98 79
5 84
72 86
97 90
18 91
11 94
96 100
5 102
91 107
52 108
77 109
66 112
56 113
99 118
59 119
39 124
57 127
86 128
75 135
6 138
62 141
27 144
14 147
91 148
90 150
56 151
91 154
60 160
44 165
45 167
22 172
34 180
35 181
99 182
71 187
34 188
44 189
67 190
95 191
12 193
65 196
45 197
51
77 2
97 3
88 7
28 9
11 11
87 13
77 15
77 18
14 20
46 27
9 28
21 41
34 43
88 46
89 53
21 58
75 61
61 71
19 76
96 78
72 80
86 85
89 88
81 91
26 92
39 93
35 95
57 96
70 97
22 100
61 101
94 104
38 117
32 125
99 127
58 132
88 136
23 138
13 145
22 148
46 155
53 156
42 163
71 164
22 169
97 177
22 183
61 185
97 192
32 196
65 199
65
83 4
94 7
97 9
69 13
25 16
24 18
66 20
6 25
59 26
35 28
89 30
21 31
82 39
39 40
3 41
13 42
61 49
11 50
14 54
87 56
82 58
56 63
7 65
47 66
55 67
35 68
30 70
88 80
58 86
91 87
64 88
22 89
57 90
81 91
79 93
6 99
74 107
34 108
63 109
65 112
29 116
33 121
38 122
47 127
19 130
65 136
96 137
71 141
18 142
100 144
46 145
64 151
92 156
44 162
90 163
15 164
70 167
74 168
85 175
31 176
81 182
8 185
90 187
68 196
29 197
44
98 2
1 6
74 14
30 17
14 20
86 22
45 29
19 32
69 43
52 45
75 54
7 56
42 57
47 58
68 59
82 64
19 65
62 66
7 67
66 76
28 82
54 83
42 90
73 95
37 101
16 110
7 111
90 112
89 124
36 132
54 133
44 134
87 139
50 142
37 146
6 151
62 153
11 159
27 160
43 170
56 172
72 184
10 188
51 191
73
59 0
44 6
21 7
8 8
61 15
11 17
33 24
82 25
55 26
84 29
28 30
92 31
63 32
17 34
83 37
81 38
82 40
60 43
64 44
2 45
21 50
4 51
60 52
83 53
59 54
38 58
7 61
8 72
7 73
1 74
49 75
5 81
64 83
91 84
15 87
46 89
11 93
12 96
52 98
75 100
55 101
47 107
19 109
8 111
30 112
20 119
62 120
24 122
8 124
46 125
18 129
87 131
12 132
61 136
65 142
64 146
2 148
72 150
73 152
8 161
90 163
30 164
28 165
24 166
26 167
65 168
95 170
42 175
63 183
47 185
7 186
9 190
2 193
61
41 9
52 11
70 21
5 27
36 29
42 31
15 33
9 37
16 40
61 45
85 49
92 52
31 54
71 55
100 56
78 59
41 60
6 61
62 62
86 64
70 65
84 70
14 73
4 78
63 81
82 83
37 87
42 90
47 92
53 95
82 98
21 103
13 107
7 109
82 111
47 115
9 124
83 127
75 129
85 131
75 134
47 138
33 141
24 143
2 148
65 152
1 155
82 157
43 164
80 165
94 170
70 174
1 176
95 179
61 181
20 182
5 185
54 187
90 191
12 193
4 199
61
11 12
99 15
81 19
34 24
14 31
99 37
4 41
45 44
99 47
36 50
38 53
6 54
53 57
96 60
85 64
59 66
37 68
78 69
20 71
28 72
49 73
48 74
68 77
69 78
81 79
64 82
28 88
72 90
16 94
40 96
94 97
61 101
48 104
76 108
86 111
34 112
96 113
95 114
59 115
56 125
93 133
56 137
53 139
89 142
68 144
71 145
68 149
90 151
73 154
59 159
3 160
88 164
38 165
93 166
30 172
45 177
45 184
5 186
43 190
98 192
31 199
68
90 2
47 4
46 7
31 9
26 14
42 15
90 16
4 17
84 18
48 20
91 21
14 23
54 24
29 25
29 27
96 28
4 29
42 36
50 39
38 42
6 44
84 51
64 52
90 53
72 59
5 63
38 68
59 69
40 74
58 79
36 80
72 81
82 90
3 96
75 99
62 101
16 105
47 107
23 109
28 120
79 122
48 123
23 125
6 128
4 134
67 135
42 137
72 145
55 146
43 147
28 153
59 154
24 159
85 161
68 162
96 163
18 169
94 170
92 174
24 178
77 179
21 181
24 183
72 189
42 190
49 193
39 196
47 198
60
61 5
94 6
13 7
98 16
16 17
71 18
27 24
100 28
3 31
31 32
56 36
8 41
50 46
87 47
66 49
49 56
52 65
95 67
66 69
86 70
68 71
37 77
100 85
19 90
18 92
84 95
27 96
81 97
23 101
67 104
31 105
40 106
47 107
79 110
44 119
50 124
41 125
96 127
29 131
76 135
26 144
89 148
33 150
7 155
5 157
93 158
82 161
98 163
35 165
24 167
65 168
48 170
90 175
42 180
34 185
4 188
37 190
81 192
69 193
63 194
67
65 0
29 2
88 4
71 14
48 17
26 24
38 25
89 33
54 35
12 40
73 41
76 46
20 48
18 50
79 52
96 54
57 56
46 57
27 58
67 61
59 62
95 64
85 66
27 68
34 70
64 71
18 72
83 86
80 90
11 91
60 94
12 95
58 104
73 107
97 108
15 110
89 115
84 116
29 117
88 119
95 120
76 122
4 129
74 135
54 137
74 144
97 145
87 149
90 152
64 153
62 154
2 155
61 156
29 158
66 161
50 167
61 171
62 174
65 176
39 179
59 181
54 183
63 184
98 186
8 187
22 193
51 194
51
71 6
99 9
65 17
69 27
14 30
54 35
78 36
24 37
9 41
14 42
99 44
40 48
81 53
48 54
12 58
94 65
71 68
6 76
53 85
77 90
28 93
84 99
21 100
16 101
60 103
34 104
45 105
55 112
50 119
41 120
35 121
79 127
39 128
3 134
83 137
53 138
88 139
15 140
23 142
26 147
54 149
11 150
30 153
58 164
77 166
46 167
74 170
60 173
81 187
37 190
92 191
66
57 1
25 4
32 8
53 10
66 11
54 14
63 15
93 25
100 27
73 28
6 30
99 32
92 34
37 37
9 44
62 47
14 49
6 50
91 51
2 52
26 54
20 57
48 58
73 64
90 65
80 67
40 72
52 88
84 89
51 91
30 92
20 93
44 95
82 96
56 98
69 101
42 107
54 109
10 111
2 112
31 117
62 120
12 125
14 129
98 130
74 131
51 134
73 136
38 138
45 144
78 146
7 153
61 157
68 158
55 160
90 161
57 165
86 169
99 171
81 172
58 173
66 175
98 178
23 187
50 195
17 196
58
81 0
50 3
42 4
93 6
44 8
86 10
19 15
9 20
90 22
16 26
84 27
18 29
71 33
56 37
37 39
20 41
25 43
76 46
72 47
8 48
77 50
39 63
95 68
72 78
69 79
99 81
29 86
68 87
27 89
2 90
88 99
81 103
27 105
19 110
59 112
63 117
56 122
57 123
43 128
27 136
80 147
64 151
45 154
84 155
41 159
28 162
26 164
3 167
28 170
43 171
38 174
68 176
49 179
62 182
4 183
5 189
12 190
81 191
56
30 5
18 11
53 15
13 17
1 21
11 28
27 30
65 31
100 32
65 34
91 40
16 41
41 43
91 46
99 60
63 62
65 79
47 80
43 88
90 89
27 90
88 92
20 93
46 95
95 98
41 100
60 102
96 106
38 108
57 110
53 112
28 114
38 116
85 120
70 123
17 133
98 134
61 139
21 140
46 141
18 144
34 148
31 152
42 160
58 165
47 172
79 177
81 178
91 180
73 181
39 184
9 185
48 186
42 187
96 196
97 198
53
86 5
42 7
79 13
76 18
70 19
45 20
69 21
77 22
30 23
29 34
52 36
42 37
20 38
4 46
47 47
6 58
47 59
41 64
35 67
28 78
30 82
17 91
47 92
61 101
97 103
87 111
55 113
25 116
1 119
7 122
84 126
87 129
18 131
78 132
59 137
89 138
78 141
14 147
74 148
30 150
82 153
2 154
39 156
10 158
67 164
21 165
82 167
44 168
76 170
67 174
21 184
1 186
10 194
65
49 4
34 6
17 8
51 12
23 19
78 26
4 31
91 41
15 42
78 45
96 50
88 54
50 55
16 60
79 62
20 65
43 66
19 69
80 71
79 75
77 77
16 78
74 83
34 89
70 91
29 93
91 97
34 98
77 100
88 102
45 103
65 104
81 105
59 108
32 115
64 116
21 120
4 123
85 126
38 127
90 133
20 134
52 135
51 136
91 139
17 147
62 148
74 149
85 150
61 151
98 153
9 155
9 160
32 164
38 166
49 167
92 171
27 175
9 176
99 181
55 192
57 194
3 196
69 197
40 198
70
90 2
24 7
27 8
22 10
52 15
77 20
60 21
10 28
10 31
80 34
25 38
65 40
6 41
12 44
46 46
83 53
73 55
1 61
85 63
17 64
2 66
63 67
17 68
24 74
66 75
34 77
7 79
79 80
48 81
29 83
53 84
35 85
100 88
70 89
28 90
44 92
70 93
70 96
69 97
96 99
87 101
62 102
29 103
68 105
23 108
37 111
41 112
75 118
26 119
72 120
35 123
11 124
10 127
27 131
64 133
53 151
43 157
78 160
69 162
23 168
91 169
89 172
13 173
10 174
33 178
54 193
25 194
79 195
29 196
61 198
66
38 2
67 5
63 7
68 12
66 14
99 18
37 20
34 28
44 30
27 40
100 44
52 48
68 50
99 51
12 53
57 57
46 58
24 62
52 63
100 66
73 72
43 75
72 76
76 87
70 88
3 95
48 96
64 97
54 98
56 101
87 107
32 108
42 109
18 111
36 112
28 113
30 115
8 118
67 122
71 125
50 127
61 128
55 129
40 133
58 134
16 137
74 145
44 146
85 147
84 148
23 150
46 151
27 154
61 156
26 157
71 161
25 163
31 170
23 175
97 180
2 183
47 187
13 190
88 191
64 193
39 198
51
39 3
89 8
91 9
6 10
79 12
63 22
57 28
94 33
67 45
25 53
62 55
2 58
63 61
99 64
94 76
73 77
30 83
86 84
87 85
90 88
58 89
20 91
97 100
55 101
44 106
55 108
16 110
25 114
64 116
98 118
40 119
13 123
59 130
67 134
16 137
31 138
29 141
66 146
100 151
53 154
30 156
62 157
72 158
21 160
74 180
24 184
3 190
28 194
49 197
84 198
52 199
61
3 1
42 7
65 8
77 9
91 15
99 17
65 19
20 20
23 21
26 22
41 29
3 31
29 32
98 35
17 36
26 43
4 46
24 49
70 61
15 62
73 63
97 73
58 74
100 75
79 78
93 79
74 82
58 84
48 85
32 87
97 91
98 93
30 98
68 108
84 109
30 111
88 113
2 120
17 129
27 132
78 134
9 136
4 138
65 140
100 141
100 144
39 152
56 153
72 161
28 165
74 166
81 167
19 168
59 169
14 170
75 172
3 185
41 191
89 192
17 194
69 198
65
58 0
21 1
96 2
97 3
94 4
94 5
9 13
45 17
22 18
56 20
75 21
38 22
70 28
21 29
50 32
94 38
81 41
99 42
13 44
70 46
89 49
78 51
97 54
34 61
92 63
40 64
35 65
44 66
36 69
77 70
39 74
74 82
51 85
91 86
69 88
86 89
43 95
59 96
3 97
49 99
85 102
16 105
44 108
2 110
88 115
26 117
13 119
88 125
91 127
11 134
65 138
37 140
32 141
78 152
20 154
5 158
52 168
70 170
36 175
62 177
66 179
86 188
25 190
36 193
48 199
55
56 1
5 3
24 9
43 11
14 15
35 16
70 18
77 28
84 30
34 34
75 41
45 42
38 44
70 47
16 49
43 53
43 57
53 67
53 68
47 70
9 73
68 75
5 76
60 77
36 78
68 81
79 85
100 90
83 95
47 100
14 102
70 104
25 107
74 114
52 123
36 129
93 137
40 138
72 140
10 142
80 144
18 147
15 149
43 150
10 153
52 158
1 160
69 169
11 172
13 174
63 179
77 187
63 188
33 190
38 193
48
74 13
39 16
37 25
82 26
92 30
72 31
91 36
94 38
35 39
41 40
20 42
61 50
91 52
5 64
20 70
4 71
1 76
65 78
8 83
26 85
19 87
64 88
25 90
18 91
36 103
11 104
94 107
97 108
14 110
66 121
73 122
92 123
6 127
61 130
34 135
29 140
13 147
90 150
61 152
44 154
65 156
47 159
68 164
35 165
51 177
94 178
9 185
33 194
63
19 1
87 6
34 7
68 11
48 14
82 16
64 18
29 20
54 28
46 32
61 41
95 43
95 47
29 48
76 51
9 64
55 67
8 70
59 75
78 76
96 77
4 79
99 90
62 91
65 92
8 93
34 95
67 99
85 101
85 103
52 104
95 108
68 114
78 117
82 124
94 125
40 126
97 129
91 133
35 136
11 139
86 141
86 142
74 147
73 154
100 155
20 156
98 161
87 168
57 169
29 171
50 173
83 177
62 179
70 181
23 182
43 183
50 184
90 185
52 188
23 190
11 195
86 199
58
5 4
10 8
15 10
24 11
35 13
98 17
60 21
59 25
95 28
16 32
87 35
18 37
18 39
24 40
46 41
92 43
66 46
10 49
9 50
13 53
69 54
14 59
21 60
81 61
49 66
70 71
43 77
84 90
79 91
95 96
89 97
35 109
70 112
68 113
66 114
5 116
20 117
58 121
85 127
56 144
12 146
94 149
31 151
88 155
83 157
73 160
9 162
52 163
97 165
11 168
35 174
61 175
56 178
34 187
34 192
60 193
67 195
68 196
56
73 1
20 10
28 20
42 21
38 25
48 29
53 30
4 31
61 36
13 39
24 41
91 47
77 53
62 54
56 61
65 64
44 66
6 77
67 79
70 80
97 81
54 85
61 86
12 92
79 93
15 94
80 95
69 98
90 99
51 102
5 103
61 108
35 110
44 114
40 120
46 121
55 123
55 124
3 129
86 135
96 139
30 143
4 145
51 154
13 156
22 158
62 159
29 166
35 171
28 180
32 181
39 185
70 186
47 187
68 188
95 196
57
49 12
90 13
89 17
81 18
93 19
16 20
37 21
25 22
100 24
63 25
60 27
7 28
31 31
20 42
44 48
40 54
58 57
36 63
32 65
23 69
60 71
15 74
98 75
65 76
22 80
2 85
41 87
28 89
85 90
37 96
93 98
60 105
28 107
1 109
61 110
79 111
5 118
48 119
31 123
34 127
95 134
32 136
8 141
33 149
17 151
58 154
83 157
57 159
4 166
100 167
64 169
68 172
71 174
25 179
63 182
39 189
91 192
52
42 1
99 2
35 5
20 11
62 14
14 17
4 20
38 22
17 24
71 27
64 28
67 29
54 32
5 35
95 41
90 44
48 46
23 48
76 50
84 51
78 56
60 59
99 64
95 71
7 72
59 73
71 74
90 76
27 77
40 80
21 90
34 95
61 97
30 99
21 109
6 110
4 115
57 130
14 133
94 134
63 137
8 143
10 146
27 147
47 150
64 153
51 163
40 171
64 172
52 175
98 189
35 196
62
100 3
86 6
96 7
65 15
75 17
74 18
84 20
24 25
20 27
21 28
52 35
79 36
29 38
90 45
8 50
53 53
44 54
37 55
14 56
95 58
4 60
71 61
23 63
19 65
13 68
93 72
52 75
38 77
7 78
40 79
98 84
95 86
19 95
25 97
41 98
7 101
100 103
82 105
11 106
32 114
15 116
95 119
51 121
69 127
67 135
45 136
29 137
98 139
84 145
1 158
87 162
17 166
20 172
25 173
83 174
94 177
41 178
24 182
15 185
75 186
52 188
13 195
51
74 0
44 1
15 8
57 11
89 13
83 15
5 19
68 20
51 30
88 38
57 43
12 44
89 45
82 46
5 55
91 61
36 72
71 73
31 83
43 84
2 90
38 104
35 117
87 118
92 121
79 122
79 124
96 125
41 128
31 130
19 133
59 135
14 139
19 141
50 142
97 149
25 154
88 158
34 160
94 174
69 175
15 177
45 178
11 181
99 185
89 187
60 189
11 190
90 191
70 193
28 196
71
77 3
70 5
74 6
57 8
71 11
90 14
79 16
13 19
38 21
99 24
37 29
22 30
21 31
57 39
18 41
33 45
89 52
44 53
89 56
5 60
51 63
62 67
89 68
86 69
38 70
39 72
65 76
33 81
22 82
77 83
82 84
33 85
61 90
86 91
77 93
55 95
42 98
70 99
35 104
92 106
97 107
48 108
18 110
57 114
44 116
28 118
35 121
58 130
74 133
86 134
27 140
58 141
6 144
20 149
88 150
73 151
95 152
82 153
94 157
88 162
27 164
89 166
40 167
59 169
64 173
21 174
88 191
6 195
4 196
30 197
20 199
59
80 0
94 3
14 8
25 13
76 16
40 20
82 25
2 28
30 36
65 39
75 45
18 49
70 50
74 56
49 57
62 61
4 73
46 75
48 86
8 96
80 98
22 99
22 100
44 101
45 106
37 109
65 110
66 111
33 112
84 115
91 116
58 119
63 120
82 121
3 122
16 126
83 130
4 132
76 134
72 135
62 136
13 140
6 143
25 146
93 150
12 151
92 155
64 161
1 164
28 169
74 173
60 180
88 182
26 184
8 189
60 190
86 193
32 198
63 199
66
56 0
96 2
22 3
51 4
63 10
66 12
60 17
99 20
41 24
40 26
80 29
33 30
91 33
97 36
69 42
64 43
31 46
11 51
27 57
69 58
39 63
1 68
57 69
25 72
8 84
17 85
63 89
36 95
10 97
55 98
32 99
68 102
85 105
38 107
20 108
53 111
48 114
11 115
94 116
21 119
61 120
16 126
10 128
75 129
75 134
94 135
73 136
12 138
83 141
31 142
94 143
77 154
71 163
100 165
90 166
65 171
9 175
87 178
14 180
22 181
68 183
3 185
30 187
85 192
63 193
74 197
68
87 0
56 1
63 4
86 7
50 10
49 13
12 15
40 17
94 18
44 20
22 24
67 25
11 27
94 30
63 31
43 33
10 35
45 38
11 39
84 40
59 47
42 50
70 51
13 56
52 58
25 63
55 64
19 68
36 69
13 71
7 77
37 82
30 91
38 97
76 99
15 102
65 106
47 107
39 114
93 115
67 116
33 118
58 120
68 122
75 123
43 124
14 125
95 127
91 132
43 134
76 135
38 136
40 138
50 143
25 145
90 146
22 155
22 156
100 161
76 164
24 165
72 167
27 180
66 181
88 184
6 189
32 197
42 199
61
4 3
57 6
62 11
42 14
18 17
17 24
14 26
81 28
75 29
28 38
51 49
96 51
51 59
24 60
97 62
5 65
73 68
1 69
21 74
1 79
35 82
13 87
3 88
5 90
34 92
40 94
35 96
40 101
91 105
61 109
17 111
43 113
49 115
14 116
10 123
76 133
46 134
100 136
46 138
44 139
42 141
22 143
63 145
8 148
31 149
60 151
52 155
91 157
92 160
92 161
78 162
58 166
22 173
74 174
37 181
20 185
15 188
44 190
98 192
36 193
38 197
54
85 12
53 16
25 17
4 25
58 33
38 40
24 41
17 43
68 46
70 48
65 53
97 54
61 56
32 57
55 58
59 62
75 64
29 68
66 71
94 77
59 80
8 84
41 90
49 95
64 101
21 105
22 107
37 108
30 117
98 120
23 121
92 131
90 132
16 133
81 135
51 136
8 142
94 144
63 150
34 153
37 158
60 160
6 161
9 163
28 165
86 171
71 172
83 175
84 185
3 186
39 187
69 188
89 191
13 192
54
25 4
26 6
70 8
12 10
71 15
62 22
14 25
67 26
41 32
31 38
44 40
99 43
88 45
31 52
89 53
91 54
69 56
48 61
94 63
23 64
2 67
47 68
46 77
95 78
93 83
45 84
37 92
44 93
66 97
98 108
26 110
34 113
78 116
81 124
9 125
36 130
2 135
10 143
35 145
15 147
47 149
100 155
37 157
75 158
28 163
67 166
15 167
25 169
85 170
81 173
24 177
55 180
81 185
62 192
51
23 1
14 6
15 9
95 15
64 20
94 22
18 25
38 36
16 45
3 50
25 53
20 58
85 59
38 61
57 63
25 68
27 69
29 71
72 72
62 74
96 77
54 81
46 83
30 86
21 93
22 95
34 103
65 105
17 111
37 112
8 118
58 128
99 131
56 141
67 142
73 143
17 146
38 157
82 159
8 160
31 162
23 172
78 175
28 176
65 178
74 180
18 181
41 188
13 189
95 194
47 199
52
60 1
98 3
15 8
60 9
7 10
36 12
83 13
18 18
68 21
72 32
3 40
71 43
40 51
77 53
13 55
71 61
91 65
1 68
2 69
53 70
65 72
13 81
56 83
89 89
81 92
34 95
37 98
53 101
13 102
60 103
35 107
72 109
75 111
90 115
18 117
41 124
47 129
16 134
27 137
31 139
68 145
31 148
95 149
79 150
75 151
32 152
68 153
85 156
65 166
31 169
53 174
77 191
64
77 11
88 13
16 14
67 26
26 27
44 29
74 31
65 37
20 39
77 40
88 42
86 46
75 48
37 51
90 54
5 56
33 57
34 59
57 62
41 64
85 66
41 68
19 69
52 70
78 72
23 73
36 80
62 81
30 95
14 98
40 103
2 106
28 110
16 113
91 118
17 120
41 121
27 124
67 125
14 126
45 127
80 129
70 138
53 141
97 142
30 145
82 150
29 160
81 161
41 162
53 163
78 168
69 169
15 170
7 172
29 176
63 180
22 181
34 183
80 187
52 189
45 191
17 195
33 196
55
81 1
34 5
21 10
20 12
4 13
60 20
71 24
83 28
78 35
56 36
93 37
12 38
92 46
35 53
54 54
28 56
5 57
63 61
67 70
10 71
96 74
6 78
64 85
46 91
23 95
38 96
45 98
99 102
27 103
70 106
53 110
44 116
92 119
20 120
82 128
81 132
56 138
1 140
22 141
56 142
7 148
24 150
15 151
17 161
45 165
87 170
86 175
52 177
80 182
56 184
99 186
67 191
83 192
17 194
13 198
200
60
43 0
43 3
91 20
33 22
42 26
28 31
38 33
53 36
30 37
93 38
7 39
74 43
65 44
10 46
68 52
3 55
17 56
12 58
94 59
39 63
86 77
28 81
55 82
30 83
42 84
50 85
59 86
28 89
14 92
37 102
54 104
6 106
46 107
48 108
12 120
65 121
34 122
85 126
79 129
34 131
12 132
11 139
32 140
50 141
93 142
33 144
56 145
73 153
31 155
53 156
11 159
19 163
67 180
98 182
70 185
47 187
75 189
77 190
36 191
36 196
