200
200
11
38 7
11 14
78 21
90 37
87 60
99 76
32 103
62 115
88 118
7 127
66 169
11
90 4
69 5
99 21
41 38
98 39
64 107
74 110
36 136
47 153
5 170
96 173
21
97 8
86 14
73 42
50 44
100 59
70 66
86 69
88 76
23 86
52 95
94 96
70 104
98 107
74 123
52 129
73 135
6 136
95 152
93 175
55 178
39 187
19
15 20
74 27
70 28
51 38
43 41
14 54
22 60
65 74
64 84
60 102
100 117
9 133
8 138
71 151
38 152
12 164
16 167
7 171
22 173
20
34 2
78 21
38 31
70 35
2 51
75 58
100 63
79 67
74 68
80 71
4 77
58 84
4 85
38 98
55 101
70 121
84 144
92 160
72 169
83 178
23
81 20
13 24
3 25
96 34
89 38
34 44
28 56
65 66
31 70
48 75
28 84
70 90
81 94
7 97
39 103
34 120
48 132
50 146
38 155
13 157
10 158
85 181
89 199
20
77 6
72 13
96 14
77 42
42 45
32 46
52 54
99 60
66 79
7 104
68 127
9 138
74 141
42 142
28 149
9 155
71 157
95 170
74 174
94 198
28
74 5
42 6
81 38
19 43
92 46
51 59
27 69
97 70
82 73
35 76
14 86
69 90
14 101
85 107
61 110
73 116
7 118
1 122
57 123
94 127
7 134
59 141
62 144
65 151
93 160
66 164
5 177
12 189
27
93 3
8 15
11 16
6 22
79 36
98 37
79 38
82 41
75 55
62 60
23 67
68 68
10 75
66 94
81 128
47 130
48 148
68 163
97 165
75 168
16 170
21 172
67 173
23 188
76 192
87 194
9 197
15
22 2
42 4
51 17
39 33
4 103
50 109
74 118
35 119
42 123
96 138
17 147
8 148
17 170
78 179
29 193
26
89 20
4 49
44 51
71 67
36 69
72 70
33 71
3 72
27 74
69 76
30 84
19 91
13 94
84 104
33 112
62 114
30 115
34 120
71 124
18 125
19 185
58 186
8 187
36 189
65 194
45 195
29
16 8
69 14
90 15
1 27
46 42
54 46
3 51
45 54
88 58
56 59
48 82
73 84
91 97
18 106
18 109
53 112
40 113
7 128
100 129
17 130
48 134
58 141
12 145
33 155
25 167
42 169
33 178
21 182
63 188
21
18 16
25 17
39 44
64 77
14 78
59 81
59 83
92 91
7 98
47 118
40 120
21 123
92 127
3 129
78 146
99 147
21 148
32 159
69 173
76 178
29 198
21
89 8
18 19
85 26
19 33
46 38
52 40
96 49
5 51
92 55
65 71
52 73
61 75
56 76
58 80
61 105
54 108
43 111
67 112
53 121
21 125
63 126
21
3 25
78 40
95 54
98 60
83 71
49 78
43 88
38 91
34 97
63 103
80 105
25 110
38 113
82 116
66 126
79 128
62 138
74 160
17 161
26 180
80 188
18
26 4
2 13
65 14
8 28
46 50
26 63
87 67
49 85
14 103
7 107
70 110
79 122
60 128
45 135
77 144
83 156
44 181
10 189
18
37 7
7 24
26 44
53 48
73 50
18 67
6 68
8 83
18 99
66 106
68 115
78 123
50 124
56 142
90 174
16 178
89 189
95 193
23
36 1
63 22
69 32
52 50
33 55
49 71
24 75
48 82
23 87
44 95
97 96
7 101
4 106
85 116
89 127
18 148
21 153
74 163
70 164
23 172
4 176
67 185
48 192
21
53 8
77 16
63 32
80 38
37 45
66 57
71 60
79 62
27 63
81 71
68 88
70 92
86 102
63 110
53 112
83 122
96 129
73 130
24 141
44 156
71 187
33
89 0
28 2
73 12
82 16
97 23
38 27
51 32
44 39
84 48
6 69
66 75
47 77
8 80
23 85
93 92
17 93
86 97
81 102
35 103
20 110
8 119
87 131
55 135
28 136
31 147
75 150
35 157
56 170
58 174
82 180
53 186
98 195
78 197
20
72 0
98 10
57 15
96 20
20 29
46 30
67 48
40 49
79 51
63 53
61 74
36 94
25 101
16 108
28 110
33 130
39 143
9 157
29 165
11 176
27
91 15
26 16
9 24
100 25
23 26
63 33
3 57
89 64
57 72
42 79
70 88
33 101
35 106
99 122
43 124
17 125
69 136
66 137
50 143
35 153
55 155
60 161
3 166
59 178
28 182
21 190
61 191
12
33 31
33 32
44 34
43 47
99 54
85 65
74 94
59 96
26 112
18 119
10 125
58 152
18
81 4
89 14
63 15
65 39
35 41
38 49
10 52
15 56
80 57
62 63
63 86
44 108
37 112
23 117
65 138
97 158
15 184
97 188
14
59 19
30 23
88 54
59 65
55 70
77 110
40 122
99 134
48 143
65 144
84 147
75 160
40 170
85 193
16
5 3
99 4
13 14
10 22
18 64
49 76
90 81
51 85
29 89
13 91
31 133
60 134
42 141
5 149
65 183
79 195
23
86 3
23 4
34 5
18 7
40 14
78 18
14 23
1 39
95 44
28 46
54 48
82 52
46 79
96 83
97 112
77 114
79 117
80 137
56 139
10 172
47 175
31 178
76 181
17
37 5
83 11
9 13
75 15
51 21
95 27
78 41
35 82
27 86
51 94
41 99
58 114
14 117
30 123
55 127
59 135
52 151
20
64 14
5 19
74 29
25 32
38 49
16 56
76 58
39 61
92 78
11 81
66 95
79 108
12 121
30 141
64 160
65 163
44 164
9 165
92 180
92 197
17
7 23
52 31
47 41
34 47
96 48
88 70
87 72
90 85
74 88
86 110
78 118
20 154
100 160
57 169
45 171
22 173
33 192
11
23 5
35 9
27 13
58 28
15 40
57 41
45 54
43 77
32 118
42 136
29 138
23
11 11
85 13
15 15
55 21
6 29
78 33
38 42
63 54
77 65
28 71
21 79
87 92
22 99
80 107
71 114
36 131
74 136
26 138
91 146
38 152
82 154
33 158
49 181
20
81 9
17 30
2 43
80 48
3 50
82 53
1 58
8 67
92 88
100 94
86 100
88 104
36 134
50 135
56 138
79 143
51 179
21 188
13 191
45 196
15
95 2
12 40
64 51
67 64
59 74
71 102
69 105
19 109
51 119
10 126
35 139
90 141
4 166
43 189
20 198
20
43 9
14 13
80 15
7 52
3 79
22 89
81 107
28 127
87 131
8 132
82 137
78 151
29 160
23 164
16 165
6 166
34 171
39 175
59 178
92 193
24
16 6
8 7
90 12
60 17
82 49
32 65
93 66
59 85
70 91
7 92
88 117
53 127
51 132
49 141
78 145
16 151
38 154
47 159
57 164
97 177
49 185
97 186
87 190
97 196
18
59 3
59 41
48 52
64 80
32 81
36 86
18 96
89 103
65 116
96 124
60 129
31 132
63 136
41 157
87 163
55 188
84 196
44 199
15
22 11
33 13
94 34
65 53
44 84
66 86
72 91
63 99
45 114
90 115
96 120
83 133
36 174
46 189
32 196
25
53 18
87 20
64 29
78 32
73 36
41 47
32 51
23 53
32 63
12 68
36 71
42 79
65 85
38 117
63 127
66 132
70 135
87 142
74 148
99 154
50 180
75 184
75 191
16 193
80 195
17
50 10
76 13
96 16
42 26
10 34
55 42
12 65
15 66
85 74
76 81
53 84
23 118
62 123
95 125
21 129
29 136
43 177
26
78 3
70 35
28 48
7 61
59 67
75 69
76 70
90 74
68 81
54 84
76 86
75 89
1 98
34 103
3 104
23 105
8 110
95 120
4 126
69 133
28 150
40 175
92 178
19 187
43 189
57 199
19
50 6
46 30
30 33
21 44
41 48
99 58
57 63
26 75
56 89
96 94
85 107
12 136
64 137
1 158
72 179
48 194
3 195
56 198
92 199
19
65 2
92 31
81 45
7 49
13 58
63 64
68 66
1 71
78 93
78 105
53 127
36 130
9 137
44 155
67 162
59 164
45 169
22 173
73 196
28
22 2
24 18
90 19
22 24
51 36
28 38
90 42
88 63
4 68
18 69
15 70
32 79
52 81
21 87
57 92
23 95
48 103
43 107
13 112
90 135
77 167
19 169
20 181
38 189
93 190
54 193
74 194
72 196
23
34 7
90 20
27 39
61 44
93 51
63 59
10 62
22 68
24 78
89 81
75 85
38 102
7 138
65 151
62 155
30 160
70 167
18 169
7 172
87 174
28 183
66 191
78 193
19
66 16
69 25
97 51
38 56
50 61
80 66
20 101
89 103
40 104
78 116
66 119
77 125
64 144
80 145
93 162
68 163
21 168
37 180
70 184
12
3 8
78 11
73 15
61 53
86 63
53 111
56 126
70 128
92 140
100 149
35 156
99 168
15
71 15
50 17
21 70
3 73
41 77
28 88
40 97
24 115
40 116
14 117
87 129
20 134
8 181
19 194
21 196
21
99 5
26 16
85 29
23 32
35 34
43 37
36 39
4 43
3 55
79 70
3 72
41 74
28 97
85 107
17 117
73 129
72 135
22 144
79 145
94 164
41 194
20
64 18
39 39
3 40
94 48
12 59
82 60
70 63
81 65
58 67
97 71
97 79
86 83
23 122
49 127
64 140
58 152
13 161
10 172
65 187
28 197
20
56 2
81 22
81 23
11 37
15 39
64 51
64 69
12 79
55 82
32 87
71 98
51 135
40 141
41 152
59 175
61 181
65 182
56 187
60 193
46 197
19
56 15
4 29
22 30
51 46
76 57
84 72
7 90
58 116
85 125
93 133
19 141
57 149
35 154
38 162
36 170
68 181
70 182
65 196
82 198
26
89 8
94 42
69 45
3 51
32 64
49 72
24 77
27 84
6 89
95 90
58 97
2 99
35 102
25 103
43 106
12 110
8 122
12 151
64 156
51 159
57 166
31 177
63 184
54 193
24 197
98 198
21
22 12
30 15
95 23
46 37
16 40
46 49
1 52
89 65
71 69
4 81
16 89
21 92
15 94
39 101
37 131
29 139
17 155
49 160
94 161
51 175
41 191
25
76 26
21 52
99 58
99 68
7 69
67 74
5 85
14 87
96 88
77 91
53 103
2 105
22 108
89 114
54 115
34 131
41 136
98 157
48 158
68 163
25 189
48 190
83 192
23 193
70 195
21
80 3
71 14
6 27
72 31
95 44
78 45
50 58
81 70
34 89
83 95
96 107
25 110
90 121
30 122
78 123
92 140
82 141
51 150
28 178
27 189
61 190
18
71 6
10 7
60 28
30 33
56 44
84 47
63 52
57 60
10 72
67 76
30 85
61 107
93 119
24 157
35 163
98 165
49 185
39 198
19
27 7
43 21
97 23
84 39
50 62
72 72
94 77
96 81
55 87
66 92
15 100
2 105
71 108
75 127
41 153
66 172
85 193
66 195
3 198
18
95 1
44 3
24 9
9 12
25 22
70 25
96 26
78 98
97 108
6 124
2 126
51 127
9 135
21 144
93 151
2 174
68 183
95 197
27
32 1
49 13
71 15
8 39
11 40
9 44
45 54
70 68
44 71
44 74
99 77
51 88
1 89
6 90
20 96
37 108
98 109
75 114
10 119
37 145
57 148
5 163
38 173
39 178
54 179
90 181
24 189
26
24 0
72 25
48 26
89 45
50 66
34 71
64 79
90 86
7 88
80 91
16 92
41 95
21 125
72 126
5 129
51 133
66 136
35 146
72 147
75 153
21 158
26 162
21 166
95 183
5 195
21 196
27
31 0
45 2
56 12
37 24
97 31
46 48
30 49
57 50
11 63
5 76
15 80
37 92
93 110
86 114
17 115
7 117
7 119
54 125
26 128
51 134
55 136
79 158
38 175
42 184
99 188
79 193
58 194
17
97 10
9 16
7 43
56 52
60 60
63 63
95 76
39 77
91 78
11 114
69 145
96 149
31 157
64 171
20 182
82 185
36 188
19
44 6
81 8
74 46
64 58
26 68
71 78
29 100
75 125
9 136
41 140
88 142
23 144
97 149
97 151
4 153
55 159
8 176
37 180
47 191
19
81 3
9 19
23 26
14 30
4 55
54 63
92 68
91 74
44 82
10 90
10 93
69 94
83 106
35 110
99 111
25 115
89 156
95 182
32 195
30
15 2
9 3
77 8
100 22
78 26
92 41
25 55
3 58
92 68
13 70
5 73
40 77
12 78
16 82
88 88
100 91
25 102
16 122
46 129
70 134
69 135
94 140
83 142
78 143
34 160
60 166
71 168
38 185
85 191
71 193
24
71 4
76 9
1 11
4 21
52 38
86 53
84 65
94 74
20 87
59 89
95 99
93 103
31 121
62 126
27 137
56 159
56 171
31 180
43 182
94 189
79 190
93 195
88 196
43 198
21
99 9
9 25
89 31
74 33
48 34
36 55
24 65
5 69
7 70
93 75
82 80
60 84
77 90
26 94
31 95
18 107
19 122
37 139
4 156
23 164
20 174
24
9 10
8 11
72 15
1 27
64 30
46 33
93 35
20 46
41 47
68 49
37 61
83 70
61 78
90 86
52 98
67 112
6 129
58 130
69 143
17 146
82 175
78 176
26 177
58 181
18
66 6
19 23
21 24
64 29
92 63
41 71
84 104
10 109
9 137
15 151
74 155
89 156
67 157
13 162
97 163
11 167
55 170
48 179
17
39 0
59 3
92 8
42 17
66 38
22 41
15 42
21 64
75 88
54 97
18 107
33 122
42 138
33 143
15 158
24 164
39 175
12
43 0
29 2
57 24
34 32
28 58
6 92
21 112
38 125
97 141
82 178
17 180
12 193
19
33 0
5 13
85 17
60 20
27 22
39 33
32 34
64 78
48 86
78 87
41 94
34 106
15 116
15 119
19 139
43 157
43 171
85 182
36 185
19
18 4
98 12
19 14
79 17
62 24
31 28
18 44
78 61
51 65
97 83
93 104
72 113
12 114
76 128
64 132
63 165
23 172
89 190
15 198
15
45 37
44 48
66 60
76 64
40 65
83 69
25 77
45 82
20 90
65 115
16 130
9 151
65 156
77 162
31 180
22
15 1
69 8
71 19
36 61
24 63
48 75
54 77
36 88
27 101
23 104
90 111
29 133
16 137
10 141
36 143
66 154
52 155
8 156
21 179
49 185
27 187
8 188
20
50 8
92 9
35 17
66 33
11 36
43 47
14 53
83 71
81 94
84 96
69 118
14 120
100 147
62 149
12 152
1 164
4 172
4 175
94 182
86 198
14
69 9
33 79
40 93
77 111
60 117
20 122
91 128
5 140
2 143
2 152
92 157
79 163
55 164
94 193
25
62 15
23 20
89 33
23 35
48 47
70 55
6 56
97 63
95 64
31 91
30 99
74 102
19 103
7 109
37 125
91 154
64 162
89 165
67 172
68 174
88 186
72 189
11 191
21 194
25 199
25
92 4
70 7
85 13
45 14
88 24
27 49
91 60
99 71
94 76
40 85
96 89
4 102
39 112
44 113
9 121
70 124
84 129
76 159
26 161
77 167
26 174
63 184
86 189
4 190
72 196
16
45 6
17 9
12 10
32 36
15 70
75 85
53 98
21 105
34 159
81 166
44 174
9 180
48 183
34 191
47 194
67 199
14
39 1
10 24
31 53
39 56
95 106
37 107
95 109
91 125
59 129
43 132
3 144
79 166
98 173
36 195
23
69 8
43 17
21 21
39 26
63 29
22 30
39 33
11 63
30 69
61 70
71 82
68 87
84 112
19 115
27 116
19 121
10 124
42 127
16 138
17 142
62 158
66 167
45 187
21
94 0
21 10
82 19
55 62
90 69
32 96
89 99
1 115
43 125
66 139
93 155
19 161
29 173
76 174
90 175
29 178
57 187
98 191
47 197
11 198
48 199
21
30 2
46 30
100 38
9 52
24 53
13 76
23 83
74 95
1 98
72 102
83 105
66 120
73 133
39 158
94 162
94 168
40 173
69 176
20 180
88 186
54 199
17
17 20
45 35
80 50
10 51
12 54
82 61
34 67
87 68
87 78
32 81
18 99
87 115
26 116
89 120
62 129
74 143
29 149
24
83 5
63 31
17 35
89 36
46 37
48 39
15 48
12 54
39 64
63 79
50 80
73 91
99 95
86 103
76 107
75 116
95 123
33 143
25 165
93 172
52 174
94 187
84 192
59 195
18
23 6
18 9
16 39
90 53
86 66
24 85
53 87
91 89
58 99
34 106
9 114
48 121
68 125
92 134
23 153
38 154
2 163
73 167
20
30 4
53 11
83 46
96 50
48 52
22 56
93 65
45 77
34 90
11 93
4 99
46 110
2 111
95 133
46 137
19 165
96 170
72 175
29 191
26 199
23
46 2
8 11
50 20
24 25
61 29
40 33
66 70
90 98
73 102
13 104
58 106
49 113
41 121
72 125
83 127
58 130
73 139
48 166
3 170
46 174
33 185
50 188
58 198
16
21 9
22 23
83 43
8 69
35 110
94 114
37 120
81 121
60 125
53 136
24 149
5 152
68 170
71 176
71 177
77 197
20
71 2
25 29
25 30
18 41
49 62
33 68
23 77
42 83
8 94
86 102
55 108
27 118
51 149
28 156
76 157
51 167
24 170
72 175
22 181
41 199
19
1 0
65 2
22 3
24 14
91 18
1 23
64 24
93 29
33 31
21 34
12 41
28 61
67 63
49 97
91 136
90 147
45 153
2 157
100 195
15
11 0
34 21
35 31
24 60
85 69
90 76
80 101
65 104
41 121
60 124
70 140
79 147
55 154
34 179
1 188
11
20 16
79 49
19 62
4 65
64 66
9 83
35 86
80 105
30 169
63 177
77 186
13
98 17
86 32
88 35
56 51
18 61
87 72
4 77
55 82
32 110
89 117
37 136
100 138
62 150
19
70 3
63 6
79 7
63 8
84 21
89 32
94 33
24 58
48 94
94 96
37 103
98 112
66 114
41 138
40 142
39 146
61 158
27 172
64 182
12
22 4
94 19
87 21
29 29
57 57
34 60
99 64
3 66
59 165
26 171
94 181
53 183
24
93 8
84 13
34 18
12 21
89 29
59 37
47 48
23 82
46 87
30 90
81 91
19 93
45 95
74 96
27 110
90 114
80 130
79 137
44 142
12 143
40 155
8 160
67 169
71 184
19
7 11
89 21
39 22
78 23
80 27
19 37
57 45
92 48
46 66
42 68
48 80
69 116
18 124
30 125
25 140
57 145
29 151
47 191
36 198
21
96 1
93 21
67 48
43 70
60 74
97 76
10 78
27 87
16 94
78 102
55 104
59 112
53 123
50 141
76 159
48 173
17 182
60 191
10 194
22 197
95 199
19
7 5
54 35
28 46
19 68
62 70
87 81
65 92
82 124
38 144
1 151
51 157
7 158
38 160
21 176
1 183
8 184
29 187
91 188
89 197
21
93 33
36 41
96 51
20 59
58 74
85 76
72 82
73 92
69 95
3 101
6 105
45 138
30 142
67 144
34 149
97 155
80 173
27 178
20 182
22 187
15 194
19
64 4
5 31
54 45
28 57
34 69
82 87
5 89
8 103
94 105
16 111
60 113
71 121
2 126
44 129
89 131
92 144
39 157
39 164
58 168
19
34 20
49 32
9 43
19 54
81 56
5 57
60 61
59 77
27 79
53 89
41 94
55 108
82 114
48 128
51 139
95 167
69 168
48 186
26 197
21
88 9
36 18
41 38
24 39
39 42
78 52
19 64
85 65
90 67
82 74
72 82
52 89
97 94
96 108
34 109
10 114
92 148
90 168
46 182
78 189
74 196
18
7 1
16 16
38 23
51 42
95 44
30 64
61 69
42 73
73 76
44 89
64 102
16 119
92 128
84 133
93 167
77 175
12 191
43 197
24
59 0
7 2
16 12
26 15
31 16
84 40
40 45
45 60
51 75
94 82
18 94
30 104
62 111
83 125
17 127
20 129
74 133
91 134
94 144
90 146
93 157
60 163
3 167
12 190
25
51 6
100 19
17 23
84 28
40 54
48 62
30 64
38 80
91 81
16 84
83 86
1 93
72 102
67 109
20 112
95 129
51 147
79 160
45 173
72 181
90 187
81 188
56 191
22 197
43 198
19
19 4
95 10
22 17
79 24
5 60
72 74
41 88
27 91
31 112
44 116
37 128
3 130
13 131
6 136
44 142
83 147
95 153
64 167
36 193
12
86 20
80 25
9 56
39 58
93 79
64 84
27 101
43 128
22 134
64 177
13 181
68 195
18
18 25
90 26
73 36
28 64
83 65
13 83
98 88
65 94
97 114
26 123
55 125
49 133
3 152
38 164
23 175
28 176
64 178
57 186
23
2 30
13 32
86 35
82 36
74 44
1 45
50 48
35 62
4 84
36 96
69 99
21 101
57 105
37 108
29 115
57 119
34 124
97 126
79 131
100 139
89 142
34 195
4 199
18
9 7
5 29
2 35
51 58
28 78
98 91
62 107
92 127
19 131
74 142
35 146
49 158
72 159
9 165
88 170
96 187
92 198
1 199
11
22 19
78 21
59 24
58 29
38 82
5 91
49 95
30 104
100 144
32 193
69 199
14
31 35
10 63
59 82
1 87
92 91
78 95
4 97
94 122
95 152
15 154
77 172
36 176
77 181
41 197
23
92 2
2 36
44 38
25 42
43 50
75 51
29 61
87 78
24 81
61 89
100 102
14 125
72 129
19 134
6 138
66 141
53 143
25 144
32 153
21 161
97 188
13 190
10 191
12
44 1
24 21
5 32
84 50
38 82
100 84
90 93
92 96
24 100
25 107
73 156
9 170
20
11 20
94 26
13 29
25 65
97 72
6 82
72 85
61 94
46 95
79 102
43 108
83 127
50 138
37 149
50 155
27 160
79 165
47 174
34 182
20 195
21
66 11
18 26
6 28
54 32
100 38
47 44
67 59
38 61
55 73
91 99
45 106
27 108
66 110
83 111
46 117
7 127
33 131
4 178
43 183
37 195
41 198
22
14 8
17 21
72 22
87 25
65 30
28 31
61 40
87 54
79 64
33 71
78 79
44 81
85 84
55 90
95 97
81 101
20 106
90 134
65 136
78 155
84 162
76 190
26
59 2
32 10
86 15
98 34
49 37
11 44
3 50
98 68
36 78
47 105
97 110
56 118
86 130
34 135
94 137
93 138
63 141
80 142
66 164
92 165
68 168
27 170
92 194
80 195
81 196
91 198
12
4 2
32 20
79 67
93 94
15 117
55 139
87 143
60 144
11 145
37 149
60 172
6 192
17
74 8
70 11
43 31
6 47
80 52
71 82
91 87
15 123
50 124
15 128
51 135
79 136
90 137
63 140
10 156
63 170
60 185
18
83 14
97 42
69 48
39 49
89 56
90 62
56 63
58 66
9 87
59 91
97 98
66 109
78 130
28 142
80 144
18 169
36 180
82 198
26
93 2
64 16
29 20
45 26
69 34
36 35
14 48
71 59
64 66
3 67
45 99
38 101
7 107
24 113
2 114
23 131
44 132
5 134
67 135
23 141
19 142
1 146
26 148
12 152
29 165
9 185
20
57 15
27 45
37 56
84 59
37 63
50 74
35 82
98 86
64 91
98 115
50 120
83 130
64 141
67 143
44 144
57 146
53 153
83 185
20 192
35 193
25
14 2
27 5
35 9
77 14
25 15
75 20
37 31
56 38
35 41
3 52
41 55
97 56
22 77
2 83
35 86
70 92
39 98
29 113
14 114
61 119
34 124
28 149
32 155
24 166
59 194
20
92 1
84 13
87 20
24 39
49 48
100 51
79 56
30 58
33 60
61 90
57 100
39 105
38 107
60 149
60 150
5 152
54 157
29 169
46 170
75 178
16
91 4
45 6
80 7
100 12
49 13
75 46
34 55
2 65
85 79
3 80
44 91
69 93
65 106
10 156
97 162
93 196
25
84 3
84 8
47 38
39 44
52 48
75 49
27 57
79 65
86 66
27 68
41 71
4 73
64 83
20 87
13 92
74 98
73 117
15 125
54 145
57 160
66 163
68 172
4 179
62 188
74 190
19
34 9
8 18
32 22
35 29
25 41
6 55
28 69
21 71
89 76
30 89
74 91
37 93
94 98
54 147
45 150
80 151
100 156
36 184
58 185
31
72 0
44 5
34 6
69 13
46 15
94 16
83 28
81 35
81 36
33 42
71 46
35 51
97 57
57 64
48 76
29 78
14 91
6 104
78 106
63 108
94 114
54 117
82 123
7 127
100 129
98 139
46 159
24 165
40 174
78 195
22 196
21
99 4
93 14
74 29
46 48
24 62
65 63
92 66
25 67
6 72
88 76
91 77
17 102
16 127
52 136
10 156
67 167
1 171
84 172
48 176
84 177
60 194
20
66 1
22 9
88 11
31 21
35 34
39 56
68 58
33 63
76 92
62 101
94 105
100 106
49 117
74 122
9 124
26 127
3 139
94 158
53 177
2 197
18
32 34
62 40
81 42
60 55
55 62
14 64
89 68
52 69
94 70
88 98
55 114
35 140
17 151
96 155
100 163
61 171
3 178
8 181
19
49 6
19 14
65 15
63 46
35 56
55 58
11 75
39 87
63 88
77 114
74 116
46 125
12 128
60 133
96 137
86 138
85 154
83 155
14 166
24
68 7
51 31
44 34
10 40
63 47
31 53
83 60
92 68
82 94
19 104
68 106
94 114
95 126
40 134
88 142
23 147
16 148
47 150
25 154
34 159
87 171
51 172
44 185
66 191
30
25 0
40 25
73 30
49 39
60 51
51 56
8 59
85 60
22 62
37 63
40 66
71 70
45 92
78 93
52 95
45 102
88 104
20 115
22 120
66 125
78 139
6 144
53 146
88 153
44 166
30 171
8 179
23 188
7 190
64 192
24
25 1
86 2
61 13
93 16
32 19
24 29
10 45
69 46
83 81
17 83
48 90
65 100
50 108
77 119
100 123
57 144
3 146
49 147
89 163
71 166
31 169
51 182
45 183
34 198
19
9 4
34 17
91 18
2 22
67 23
40 28
22 35
5 50
53 55
62 57
51 86
56 107
27 116
100 118
70 125
30 149
84 152
29 157
62 158
16
55 9
45 13
35 26
9 31
9 37
33 53
54 71
22 95
62 116
72 117
18 128
11 141
12 146
99 152
91 168
4 195
22
34 0
47 5
39 10
37 25
48 30
24 32
27 44
4 47
77 62
63 63
87 65
90 66
48 81
59 90
64 116
39 141
70 157
82 160
75 166
36 178
24 198
50 199
16
53 7
27 17
86 27
6 42
51 54
78 72
40 84
17 92
93 93
57 136
82 151
76 159
75 169
83 178
22 190
69 198
21
65 2
16 3
65 9
49 14
76 16
49 28
17 66
76 73
40 77
1 83
44 110
13 114
51 121
66 134
31 138
56 152
63 166
72 169
37 190
50 195
52 197
24
9 18
67 24
25 28
88 29
68 37
45 45
87 48
63 49
11 53
86 57
85 61
86 69
83 74
24 99
46 114
50 116
79 130
78 137
17 143
9 151
5 153
62 178
92 190
78 197
17
81 0
25 19
96 20
59 30
36 36
22 54
56 55
50 58
30 62
63 66
93 78
2 85
43 103
72 158
10 167
71 173
20 176
27
7 10
20 11
44 17
11 22
76 33
28 35
9 45
27 46
43 51
10 66
35 74
77 80
12 82
50 91
64 94
2 99
17 103
84 114
53 123
29 132
82 137
2 147
16 148
91 156
95 164
17 186
78 199
19
14 4
51 6
22 26
9 41
48 48
84 49
6 64
16 68
74 72
3 76
86 78
10 90
11 131
57 134
43 149
44 155
25 170
38 171
4 193
19
20 3
14 12
75 24
81 41
70 56
39 67
55 76
76 88
37 93
91 95
34 110
69 120
3 127
48 131
10 135
3 146
27 150
96 164
13 167
13
72 11
4 24
22 39
50 44
56 105
68 113
17 116
39 117
28 118
25 137
49 169
40 178
70 198
25
37 1
50 6
73 10
45 19
42 24
78 46
59 56
58 66
95 74
27 78
7 103
8 106
72 126
32 139
15 143
67 156
74 162
71 163
1 165
7 176
26 177
90 179
97 182
95 185
48 191
21
59 20
99 31
94 32
91 36
59 39
41 40
18 42
63 82
87 88
40 94
81 96
68 105
73 126
87 141
1 142
32 148
45 149
24 174
86 185
53 188
81 191
19
70 1
74 3
87 6
18 26
50 31
95 36
5 41
52 64
91 81
25 94
60 108
68 109
96 116
79 155
37 157
86 159
56 185
26 189
26 198
19
56 20
15 27
80 36
74 51
60 55
30 60
44 80
23 83
79 99
23 106
15 139
12 148
65 154
1 156
81 157
45 166
10 170
13 172
76 191
19
10 2
38 28
49 30
20 32
5 39
15 76
62 92
40 105
74 121
56 136
59 139
41 147
77 161
41 169
30 173
86 182
9 186
16 194
57 198
20
4 5
36 27
68 42
47 59
59 63
65 65
11 69
19 83
33 87
86 88
54 89
5 101
7 138
7 152
55 156
100 158
85 182
4 190
16 193
76 199
22
91 10
92 11
72 27
70 28
54 29
8 31
43 47
83 56
37 61
84 72
96 75
10 82
96 86
37 90
60 93
42 122
60 123
79 131
85 150
33 172
40 178
22 188
22
87 5
100 10
18 39
8 55
95 57
17 65
49 66
11 70
64 81
46 88
94 93
15 112
61 133
70 137
22 145
7 150
1 161
59 171
76 178
23 180
27 181
69 189
24
59 10
61 20
5 31
38 32
55 40
73 47
68 48
97 57
19 64
58 69
10 76
52 81
92 88
55 108
29 110
19 111
61 113
54 125
99 126
36 136
73 157
93 161
55 177
100 195
23
69 5
74 10
94 22
66 31
84 33
45 46
11 54
31 56
4 60
52 63
97 66
29 88
32 111
41 118
71 121
8 134
98 151
98 161
85 172
80 190
6 193
20 195
44 196
19
28 21
45 23
4 42
46 51
96 62
57 65
69 87
81 91
23 123
49 126
1 129
77 136
12 148
69 155
25 160
78 169
13 173
55 178
67 184
22
80 6
48 22
39 38
7 42
93 48
91 81
74 82
82 88
5 114
95 116
16 119
56 130
19 134
23 141
38 151
77 168
49 170
52 172
66 177
24 182
61 197
12 198
24
79 0
51 10
82 33
37 35
44 40
67 42
12 46
97 51
85 59
27 63
68 69
33 95
8 96
12 98
39 102
76 106
43 112
87 117
99 132
14 137
2 155
54 161
16 162
65 178
17
29 33
16 36
90 42
29 49
100 66
75 70
13 73
31 80
79 89
7 113
3 118
27 127
62 133
1 162
75 164
82 177
51 179
14
49 30
50 56
85 60
32 78
62 83
54 96
83 128
40 140
17 157
58 164
80 166
100 167
51 172
67 182
23
57 6
75 9
9 19
45 28
13 29
95 31
94 32
22 35
20 38
2 46
1 49
94 50
12 60
65 61
89 75
93 93
31 94
63 122
88 141
85 147
6 153
5 156
9 188
13
30 11
66 21
1 36
20 57
15 61
49 101
17 144
51 148
3 163
67 165
13 176
65 184
76 196
15
64 4
22 19
60 56
58 62
37 73
86 100
53 103
61 115
75 131
3 141
94 145
33 170
35 180
15 182
100 199
20
19 16
11 20
88 30
16 31
59 33
12 42
43 52
38 62
59 78
87 101
23 107
69 112
2 113
54 118
32 121
46 130
74 132
27 167
90 190
27 198
19
91 0
68 9
82 12
54 15
25 27
25 36
4 38
88 48
1 55
63 70
39 77
31 103
59 104
20 118
57 125
98 128
63 147
41 187
77 198
18
55 11
55 18
97 31
30 32
84 45
56 48
10 55
77 61
25 68
63 76
58 80
54 85
47 123
18 142
62 148
57 161
60 162
95 187
22
47 17
94 21
63 63
69 66
54 69
44 72
93 95
54 102
43 139
15 153
21 158
38 165
33 166
16 170
10 173
38 175
48 176
59 183
25 189
71 190
19 193
65 199
25
31 4
39 7
88 14
48 16
12 34
80 44
13 47
74 51
26 58
86 76
84 88
58 103
11 105
79 106
71 114
73 116
16 130
62 134
50 151
28 154
94 155
23 177
94 182
18 184
86 188
14
39 9
13 12
41 19
24 37
25 73
66 82
15 86
94 97
72 108
6 121
72 123
45 128
39 186
92 192
22
8 13
71 17
30 33
4 34
13 37
69 52
71 56
18 63
86 103
63 108
23 112
17 114
20 124
41 125
72 127
15 129
13 130
86 132
26 165
70 166
22 171
6 198
19
22 13
25 16
14 17
21 18
51 22
14 40
14 67
26 83
93 88
10 91
48 94
87 96
18 99
36 104
12 120
22 125
4 141
46 171
84 178
20
78 3
99 7
19 31
63 32
81 41
38 63
83 71
99 81
96 90
13 104
2 111
58 116
49 124
99 131
60 133
67 136
42 163
30 177
100 191
45 196
18
44 18
91 30
74 34
16 58
38 66
85 77
57 84
68 87
10 100
53 104
56 116
18 117
26 137
22 155
8 157
4 173
56 196
52 199
25
15 6
47 9
86 17
27 18
48 20
8 28
9 38
26 64
33 72
99 80
34 94
2 103
91 113
19 129
73 136
72 141
56 145
74 150
68 154
48 159
22 160
95 180
60 189
8 190
44 194
17
20 11
47 12
11 27
54 28
83 43
56 51
85 55
98 68
10 75
17 93
88 112
42 117
40 123
75 134
27 144
56 177
6 186
21
52 4
79 7
13 10
13 58
85 61
91 71
86 77
51 82
79 88
79 99
33 100
51 122
69 138
11 145
13 155
86 162
37 167
25 173
40 176
96 194
77 197
24
80 9
21 41
85 47
46 59
90 60
71 77
82 79
27 83
61 87
100 95
44 97
60 105
44 108
40 113
15 116
83 139
15 140
30 141
8 142
92 144
77 155
99 177
21 178
79 181
36
20 9
35 10
56 17
64 20
74 23
66 25
46 27
34 31
52 35
40 37
94 39
11 41
19 52
6 55
23 69
46 71
5 73
41 92
31 93
55 95
31 96
64 97
55 108
34 117
52 126
41 129
21 141
53 143
46 145
11 146
37 150
69 152
97 160
97 175
32 178
23 189
19
77 1
66 3
34 18
9 35
66 38
18 40
14 46
92 51
32 63
38 66
41 76
85 81
70 91
90 101
3 123
84 173
40 190
73 195
58 199
18
27 8
64 13
51 16
44 20
41 46
52 57
20 65
100 80
81 98
61 106
98 133
19 136
24 145
88 152
47 161
35 167
69 185
54 191
20
61 15
58 18
50 36
45 57
14 63
18 65
13 67
44 77
72 85
61 97
69 107
87 111
9 117
60 137
46 142
44 148
86 151
58 176
76 177
30 197
20
76 2
71 12
85 22
50 31
93 51
59 62
86 74
44 77
59 85
32 89
89 98
83 104
12 107
53 108
89 114
40 122
66 150
38 172
25 176
87 184
21
29 2
94 11
15 13
9 36
48 45
47 69
34 70
17 96
19 98
2 101
42 110
52 124
34 135
47 149
87 151
30 157
60 180
28 184
63 192
11 195
77 197
25
49 6
80 34
33 39
65 70
1 72
81 76
97 85
21 86
45 87
4 93
55 97
28 106
46 113
68 119
68 123
48 127
55 129
71 130
90 131
99 141
90 146
70 163
44 179
85 188
2 193
16
22 5
17 11
30 20
51 34
85 36
38 37
71 49
65 50
69 70
74 78
18 101
63 104
33 159
24 166
45 174
18 187
15
67 12
6 36
87 49
68 57
27 58
48 66
88 71
82 98
54 110
34 111
7 131
62 134
39 142
5 147
29 193
14
88 12
48 15
98 16
67 17
27 21
22 34
32 39
35 41
76 46
65 49
27 69
91 88
39 140
93 148
20
99 11
46 38
93 48
62 52
33 62
39 74
73 93
1 105
44 124
76 128
81 138
10 147
66 152
19 159
29 163
55 172
90 176
24 181
91 189
13 198
14
96 7
83 15
95 70
52 72
97 83
92 99
21 122
82 138
76 140
41 148
71 153
32 162
78 164
24 179
25
29 2
30 36
99 44
27 56
30 78
62 94
94 96
34 100
49 115
20 116
48 120
75 125
21 134
84 138
78 147
51 158
14 160
16 163
92 168
12 179
19 180
6 182
27 192
82 196
88 198
20
64 2
84 12
24 19
76 28
97 32
14 45
16 52
19 53
98 67
49 69
50 92
6 100
35 111
71 120
97 123
24 125
48 131
68 149
15 157
96 190
22
50 0
17 17
62 24
20 25
29 28
10 33
89 60
68 62
75 64
96 71
16 73
63 75
54 117
85 126
100 129
37 130
90 134
85 156
80 165
32 167
59 177
29 179
12
10 0
67 6
25 15
41 69
72 74
83 80
23 97
98 102
40 150
60 151
84 181
30 182
22
58 16
82 21
48 54
58 59
30 61
66 63
57 105
91 106
96 107
92 111
53 124
59 133
55 137
12 142
30 161
28 164
17 176
8 184
95 185
9 190
48 193
41 198
200
20
43 2
5 12
52 16
31 28
93 33
71 43
36 44
64 49
55 60
82 87
70 94
18 105
65 109
23 118
36 139
31 140
6 141
92 182
94 190
8 195
