200
200
43
32 5
31 7
55 25
80 27
44 30
17 31
77 36
77 44
93 45
18 54
33 60
59 61
31 76
40 77
99 80
66 87
83 88
59 91
71 92
34 95
28 98
47 104
32 114
97 117
73 125
9 132
17 133
92 136
11 138
40 141
37 144
63 147
96 151
82 152
40 159
83 173
17 174
56 178
75 187
32 190
33 192
98 193
54 198
43
33 8
87 13
71 15
62 17
30 18
3 22
65 25
40 26
80 31
26 38
60 39
65 43
37 45
6 52
9 62
8 74
84 78
47 79
21 81
44 84
75 88
9 93
10 96
96 104
96 110
66 116
26 123
58 133
97 147
46 149
92 152
38 154
75 156
30 159
73 161
37 164
46 170
94 185
47 192
5 193
50 195
46 196
40 197
41
32 0
11 4
89 11
65 16
86 21
3 27
19 42
38 45
32 47
86 48
21 55
80 59
3 63
44 65
65 68
84 72
8 86
65 92
17 99
54 101
46 106
18 108
30 110
23 113
59 114
50 118
16 121
20 126
61 129
74 134
62 140
60 143
71 147
24 150
64 160
14 163
8 177
43 178
81 183
73 187
75 192
40
72 2
6 3
90 4
85 5
37 9
94 17
98 27
87 35
14 37
85 38
55 45
66 53
14 68
36 69
18 72
93 76
64 78
50 79
11 82
98 83
31 87
94 95
6 108
87 110
19 111
42 114
67 124
74 129
35 136
42 138
59 139
97 142
92 144
48 146
17 149
19 158
42 177
58 183
92 192
66 199
32
71 20
58 28
21 31
94 35
7 38
70 47
84 54
83 56
45 65
33 69
62 83
94 85
83 95
87 110
7 115
5 117
12 120
16 123
41 124
85 134
85 137
62 138
53 139
74 143
35 161
59 162
67 163
71 173
46 179
80 186
93 193
74 199
38
24 0
100 7
45 8
16 18
22 23
16 24
34 28
95 30
48 31
27 41
88 42
2 45
27 49
61 53
58 56
38 58
25 63
1 68
14 70
25 72
82 74
61 79
32 80
51 86
99 87
12 88
55 89
3 92
69 94
83 101
11 105
68 107
76 115
21 117
22 126
36 135
26 148
82 192
45
60 0
85 6
18 7
8 19
21 21
9 22
31 23
6 25
79 27
20 31
65 33
52 35
88 37
13 58
47 64
28 72
81 73
27 74
68 76
50 86
49 87
23 89
25 105
22 109
70 122
79 123
32 128
92 130
86 131
1 132
1 137
85 138
78 141
39 142
87 150
49 154
42 160
87 169
28 176
44 180
4 185
37 188
17 191
95 192
44 193
37
50 1
16 24
10 27
89 29
94 32
51 37
27 42
88 44
93 48
58 53
82 55
75 62
30 73
44 75
89 89
42 99
41 101
66 103
60 109
37 128
78 138
73 142
57 147
100 149
66 153
7 156
99 170
20 172
21 176
12 177
48 186
48 188
58 190
94 191
65 192
10 196
81 198
40
51 3
48 20
78 24
84 27
95 29
52 30
85 48
74 51
89 56
4 59
51 62
29 66
51 74
40 75
14 87
32 108
76 123
78 124
38 129
63 131
36 135
29 151
33 154
16 156
98 162
55 163
53 168
71 170
67 171
14 173
1 175
69 178
22 180
13 185
62 186
20 190
52 191
25 192
62 195
64 196
47
14 0
48 3
69 6
87 8
29 10
6 11
46 15
67 16
42 20
17 25
43 31
98 39
63 42
36 52
63 53
66 54
49 56
90 61
50 69
63 72
60 73
24 74
90 76
10 79
74 85
90 92
36 93
77 96
3 97
54 102
60 105
6 111
17 120
46 123
76 133
17 138
63 142
47 147
4 158
17 164
54 175
39 177
84 185
7 188
98 190
22 193
41 199
48
65 0
88 6
40 8
2 13
85 14
10 16
85 20
3 32
66 36
64 40
64 42
82 51
8 53
74 55
89 57
95 62
79 69
34 72
31 88
93 92
8 95
37 96
93 97
4 99
82 102
8 107
60 108
85 109
76 110
64 114
70 115
23 118
83 123
85 124
32 140
80 143
96 144
27 148
13 159
69 161
75 170
66 171
2 173
2 175
32 183
77 188
52 195
62 198
47
67 2
78 5
13 6
17 7
69 10
87 11
23 12
81 17
94 23
27 26
82 32
93 39
100 42
15 50
88 51
3 55
81 56
25 58
34 63
69 69
75 80
74 81
19 83
46 84
9 90
99 102
60 104
89 105
16 108
85 111
100 116
92 126
85 131
22 133
41 141
57 146
48 149
85 156
36 162
49 166
22 175
41 179
52 181
31 187
38 188
46 191
65 194
40
2 0
99 7
54 8
23 9
50 11
68 19
92 23
89 24
25 34
4 40
48 43
68 50
73 55
40 66
8 70
33 77
22 80
3 81
63 82
74 84
3 89
17 93
5 94
16 103
78 112
18 114
34 122
78 131
83 137
60 138
99 142
9 143
50 153
76 157
37 164
23 168
47 174
90 182
71 184
87 185
47
12 2
63 3
48 15
84 18
31 23
70 25
99 29
83 36
84 37
35 40
1 43
68 49
1 55
66 57
77 63
8 68
29 69
31 71
72 81
65 89
75 92
1 95
3 99
75 103
98 106
46 111
56 123
46 131
92 132
49 133
60 135
96 138
60 140
54 143
77 144
59 146
59 147
99 151
89 163
80 167
35 170
81 174
93 175
19 178
87 184
25 192
16 197
35
59 4
79 15
97 22
19 25
77 32
43 33
76 38
62 45
25 52
40 54
99 57
24 62
86 76
43 87
6 93
65 95
98 98
66 99
94 102
35 106
44 109
27 114
97 118
90 123
59 128
57 140
6 153
29 155
66 159
52 164
98 170
2 171
88 182
62 183
74 191
47
11 1
87 3
12 5
17 6
42 8
13 14
13 23
62 25
54 27
75 31
49 35
97 39
49 48
26 51
70 61
100 65
60 75
4 78
9 85
84 86
73 88
48 89
80 92
70 97
1 100
42 109
42 112
68 121
51 123
84 124
12 126
10 128
11 129
49 130
43 135
69 137
40 141
48 142
61 143
95 147
13 150
31 162
29 166
56 169
67 184
46 188
29 194
38
93 9
73 13
6 21
69 24
39 25
85 37
13 41
84 42
42 45
11 47
65 48
97 50
29 55
24 59
21 60
53 72
21 73
12 75
31 77
25 86
8 89
85 97
16 100
6 102
62 109
15 123
16 124
18 128
18 132
28 134
77 154
49 158
93 173
67 175
45 179
47 185
48 190
13 193
34
46 3
64 8
51 12
6 18
85 28
49 34
80 39
69 43
26 50
39 53
99 57
32 63
67 64
42 72
45 81
4 82
46 123
58 131
90 132
38 134
35 136
58 137
26 138
9 147
88 152
36 157
52 167
54 169
29 173
58 177
78 179
82 183
3 184
96 186
43
50 0
19 1
87 8
45 9
91 11
100 15
67 23
38 38
29 39
52 46
30 53
40 65
49 84
48 86
41 94
36 98
69 104
82 110
19 111
19 115
26 124
42 126
81 128
80 129
86 130
13 134
87 142
90 143
21 145
70 146
45 155
92 159
90 162
27 174
80 178
43 179
11 184
20 185
12 189
71 191
75 194
88 195
49 196
34
91 7
77 9
1 12
20 14
27 23
80 39
87 48
53 49
73 50
98 65
70 66
94 86
67 88
33 89
37 91
57 98
47 100
35 117
82 120
77 122
60 124
21 126
19 130
32 135
54 141
47 145
49 148
64 150
74 160
5 171
55 173
86 174
22 179
96 186
34
66 4
35 7
44 10
56 11
22 26
87 30
3 32
61 36
34 38
78 39
63 43
29 48
68 52
62 64
47 67
45 70
45 74
19 78
96 92
19 100
9 107
27 120
22 125
94 128
72 139
65 146
81 148
4 153
27 160
72 166
89 169
24 170
97 184
92 199
36
80 4
98 6
62 7
64 30
12 34
90 49
75 57
33 75
78 76
80 77
10 81
63 83
78 85
84 87
91 91
19 104
13 107
62 112
6 114
57 118
22 120
100 125
31 128
65 138
36 140
30 148
65 157
50 164
15 165
63 168
39 173
72 175
24 176
47 177
73 183
31 190
31
77 3
93 5
65 12
23 16
43 29
14 45
4 53
42 61
70 63
99 76
28 81
7 86
37 87
62 90
69 93
48 101
74 103
60 104
21 116
21 120
43 122
73 124
25 139
49 142
60 154
94 158
88 184
48 189
45 191
27 193
28 198
45
85 2
68 7
23 9
19 10
70 19
42 21
58 23
75 27
31 29
40 38
62 42
54 43
26 48
53 51
30 60
93 61
45 62
35 65
19 66
94 69
42 72
83 74
48 79
46 87
23 89
70 94
98 95
42 96
2 98
71 102
99 104
4 108
34 111
15 125
59 127
98 130
48 140
74 142
15 145
16 157
54 159
86 161
59 176
61 179
40 191
40
39 0
56 6
46 10
69 11
76 28
20 29
61 30
4 31
39 38
12 39
81 43
14 48
18 56
60 66
17 68
13 71
98 74
88 84
63 87
92 95
2 98
38 101
49 105
36 108
51 109
19 127
92 128
37 139
38 141
42 142
56 143
91 151
67 153
44 155
72 169
16 172
67 178
27 180
20 186
72 188
43
46 11
22 13
10 14
51 18
55 20
85 25
27 26
12 45
15 46
84 57
29 65
90 81
81 87
3 94
97 95
30 96
27 97
42 98
68 103
74 109
27 123
98 128
95 130
56 134
4 141
29 142
47 147
89 148
68 151
78 156
39 158
66 159
5 162
69 172
4 173
10 175
5 176
16 180
25 184
71 186
60 191
27 193
25 199
30
76 0
98 13
67 22
25 24
65 33
81 42
80 46
39 81
46 87
91 89
38 96
22 100
5 102
86 113
70 115
12 116
34 118
55 119
10 127
15 136
94 141
39 147
10 154
68 162
17 164
67 174
3 182
14 187
42 189
42 196
42
27 2
10 6
88 8
28 12
4 21
40 22
98 24
67 25
47 26
13 34
18 44
66 48
96 54
85 55
38 59
30 62
72 64
44 67
7 69
53 71
49 76
11 77
1 79
41 80
92 94
8 105
20 110
62 116
33 120
17 122
4 123
63 125
20 133
86 148
59 154
17 156
32 166
44 173
92 177
9 178
11 192
68 194
25
82 15
48 16
54 27
62 36
39 49
58 57
94 76
76 81
86 108
37 111
48 112
17 118
85 120
7 130
13 147
23 152
80 153
52 155
80 162
53 166
66 175
53 180
12 186
36 190
73 199
36
98 1
72 22
55 29
34 30
70 35
7 37
4 44
77 55
44 56
100 57
13 61
97 63
41 70
45 72
95 73
19 79
67 81
4 93
15 101
42 102
98 115
31 129
48 132
91 138
26 139
19 143
9 147
100 154
79 157
86 160
53 167
91 172
8 173
26 178
8 179
13 180
40
92 4
42 6
78 12
34 15
96 20
100 21
49 27
80 36
67 38
89 50
45 52
43 54
72 55
19 66
17 67
82 73
96 77
93 89
72 91
23 92
22 93
29 96
97 101
73 106
48 110
6 134
33 138
62 140
8 141
70 146
56 147
43 149
54 158
28 165
41 168
53 170
2 176
28 189
42 198
7 199
53
2 3
54 5
42 10
89 12
43 21
5 32
7 35
8 39
12 40
76 42
4 43
80 44
25 48
32 51
82 53
81 56
47 57
1 61
64 66
7 74
77 87
19 90
60 92
75 100
65 106
10 107
85 111
60 112
80 113
88 115
65 127
80 128
41 129
69 131
5 132
58 140
72 146
58 149
96 150
39 152
14 156
71 158
76 159
88 160
60 161
99 163
2 167
1 172
20 177
87 178
27 182
54 190
96 197
40
39 1
9 7
97 19
27 22
29 25
20 26
63 33
51 38
5 47
41 55
60 56
62 67
4 68
10 70
25 71
91 88
73 90
29 99
36 100
53 104
15 106
27 107
65 113
65 115
55 119
78 121
20 124
36 128
34 129
27 132
57 134
40 141
38 142
4 149
32 153
20 162
5 179
35 187
17 190
86 195
45
91 4
26 10
82 19
83 20
88 22
83 33
48 40
59 42
48 49
29 50
31 51
83 53
72 58
62 72
56 74
57 77
7 78
42 84
31 88
68 97
96 98
100 99
57 111
78 114
25 115
85 118
97 119
20 124
96 128
77 135
49 141
84 146
20 152
30 158
4 162
43 166
61 168
68 174
16 176
39 181
14 183
92 189
39 190
85 195
62 197
29
85 9
6 11
40 25
28 30
53 51
14 57
2 69
61 79
40 86
68 87
36 89
93 96
74 102
2 106
56 111
71 113
73 115
68 128
54 133
52 135
26 143
57 154
19 161
91 163
90 166
14 168
60 180
78 195
1 197
45
35 3
68 13
88 15
98 16
4 22
50 25
75 27
80 30
40 40
60 44
84 52
50 54
37 56
48 58
69 64
49 66
66 69
73 72
70 77
55 79
20 81
81 86
12 90
100 94
61 102
1 113
34 114
32 119
62 123
70 124
42 125
29 127
25 137
28 139
3 141
90 146
46 156
21 160
69 167
77 169
95 178
16 180
71 184
27 188
11 198
38
19 3
84 21
50 22
62 23
93 24
11 25
20 32
82 37
20 38
53 39
34 43
60 44
53 45
15 50
64 51
38 58
53 61
84 79
49 82
28 83
23 89
39 92
8 96
30 97
99 99
94 100
22 118
40 119
5 120
49 125
82 131
86 133
33 140
4 145
29 151
13 161
69 185
28 192
42
86 0
57 4
82 7
92 10
94 12
61 19
85 26
49 29
17 43
62 48
77 58
4 60
52 61
23 71
65 77
31 81
47 82
47 83
21 84
56 86
44 88
46 90
73 94
55 98
75 106
95 108
52 116
85 119
53 125
20 127
85 128
31 133
47 134
86 143
57 148
5 178
13 182
78 188
15 192
46 193
29 197
93 198
39
28 0
45 1
46 5
60 29
84 33
25 36
83 37
6 38
58 40
39 43
87 50
27 51
27 56
16 63
92 64
17 65
53 69
97 70
7 73
81 75
51 87
81 95
25 97
90 100
22 104
4 105
63 107
12 117
72 121
85 122
95 125
62 145
35 153
100 165
21 173
64 176
28 193
53 194
14 196
49
22 4
4 7
39 10
67 15
59 17
33 18
22 20
20 23
37 26
62 28
66 32
21 34
9 39
84 43
30 45
61 48
68 53
36 54
84 58
80 64
25 66
82 73
50 77
32 89
7 90
41 92
43 95
13 98
55 106
54 109
3 113
40 116
75 117
64 120
74 123
46 131
24 135
44 136
52 143
10 144
65 146
86 159
21 168
58 172
83 185
71 188
82 189
43 198
59 199
40
75 2
73 3
72 4
84 5
64 8
96 10
47 13
84 16
20 25
15 26
36 29
85 34
75 39
51 47
4 53
79 55
41 58
11 71
31 72
17 75
100 77
83 83
21 105
56 131
98 148
34 149
81 151
82 166
89 170
97 181
91 182
66 186
51 187
89 188
42 191
8 192
17 193
93 195
16 197
50 199
41
10 1
96 11
11 13
24 14
12 18
28 25
71 31
65 34
34 57
22 59
80 61
34 62
62 63
72 64
6 66
70 69
32 77
64 78
40 82
65 85
86 87
45 96
32 99
63 103
29 107
2 113
85 117
66 120
13 127
45 129
91 130
12 131
69 136
47 141
60 152
41 162
27 163
65 164
70 168
58 175
11 178
51
71 1
96 3
48 14
72 15
32 16
74 19
96 21
92 33
41 34
24 35
96 44
74 56
21 57
75 58
60 68
44 75
29 94
98 95
42 102
72 109
36 110
19 114
24 122
80 123
82 126
100 127
60 130
65 131
69 134
90 136
79 138
9 139
77 145
98 149
26 150
68 155
25 156
92 158
28 163
81 164
14 167
75 170
43 173
32 178
51 179
58 185
96 188
17 189
21 194
54 197
9 198
41
25 1
5 2
21 5
82 8
16 15
3 22
50 29
21 33
98 34
13 35
82 43
27 45
66 46
8 52
87 53
71 56
44 57
96 59
78 65
53 68
54 79
36 85
92 92
57 96
81 98
45 108
60 116
99 119
75 121
76 139
88 140
76 141
57 152
39 153
63 158
57 159
72 176
65 178
23 182
89 186
37 195
44
91 2
90 5
95 8
52 11
87 19
7 23
9 25
79 30
90 33
41 35
73 38
87 40
54 45
36 46
93 56
72 58
53 62
49 79
27 84
53 99
51 108
75 111
97 114
53 119
3 120
60 121
6 122
89 132
88 133
16 138
51 141
23 149
44 153
19 155
28 156
87 161
86 164
19 169
69 182
81 185
55 187
50 188
4 194
63 198
46
1 1
90 2
21 5
9 16
100 17
27 18
73 19
11 20
64 21
37 23
33 24
36 28
14 33
73 43
84 45
62 48
89 50
100 57
47 58
91 66
72 69
58 72
44 91
16 94
20 97
33 98
3 101
20 107
94 109
5 112
66 118
30 138
7 140
87 145
30 149
8 152
11 156
64 162
69 163
38 164
53 174
22 185
76 189
8 193
98 194
98 197
39
72 24
97 29
31 40
11 45
3 52
52 56
76 67
55 68
37 69
56 70
92 74
89 80
11 85
69 86
66 88
77 94
14 104
22 111
86 114
61 116
100 119
87 126
74 127
89 128
16 131
84 133
91 136
35 138
74 159
70 174
22 175
10 177
4 178
30 179
64 180
72 182
90 183
31 191
87 197
46
66 3
73 7
22 16
64 17
99 19
75 32
18 39
29 43
64 50
49 56
60 64
19 66
83 70
31 80
18 81
92 86
6 88
80 89
8 93
79 94
99 96
53 98
85 102
39 103
7 105
92 109
76 110
32 111
80 116
95 129
95 133
46 135
78 138
81 144
62 146
37 157
80 158
59 164
55 167
73 168
27 175
7 180
1 185
80 189
75 198
40 199
37
45 0
69 9
49 12
80 14
14 17
63 19
91 25
72 37
86 38
91 43
99 54
82 79
41 81
91 83
16 90
55 96
47 97
56 98
96 103
43 113
60 118
49 142
94 143
63 146
25 161
26 171
25 172
82 176
30 177
77 178
63 180
52 184
15 189
92 193
65 197
76 198
30 199
43
96 4
75 11
66 15
53 17
1 18
63 20
38 23
33 31
66 35
12 38
76 39
67 47
93 49
91 50
43 54
74 56
51 59
24 68
33 69
94 75
75 86
57 87
97 104
70 110
79 114
82 127
96 133
43 142
12 144
49 146
27 150
47 155
71 159
76 160
12 163
50 164
13 167
52 169
33 172
97 188
28 189
57 191
62 192
39
30 3
14 5
68 15
31 25
52 34
58 39
28 41
100 43
17 45
3 53
50 61
91 70
92 75
45 78
37 81
87 89
19 97
55 105
91 107
17 111
28 116
38 117
27 118
1 122
69 123
47 125
38 137
67 140
99 142
10 144
99 148
43 158
44 166
44 168
44 170
16 184
94 188
5 191
17 199
56
87 12
18 13
64 15
51 18
77 23
79 29
33 32
74 36
9 47
81 48
7 49
69 56
22 59
38 60
57 61
47 74
62 80
100 82
99 85
46 86
27 89
56 90
40 92
26 95
8 96
91 105
63 110
20 114
46 117
3 120
17 127
27 129
68 133
63 137
6 142
9 146
48 147
45 149
66 152
34 155
76 157
59 159
62 162
10 164
17 165
22 168
69 171
56 178
20 181
4 183
74 184
30 185
14 187
57 189
72 191
40 192
37
46 5
86 8
86 18
36 20
91 27
6 39
5 42
1 44
66 51
72 57
15 65
91 68
75 70
29 77
56 78
48 84
41 93
14 94
70 107
100 115
89 116
66 119
2 120
93 123
98 124
64 127
69 134
38 147
35 158
52 166
31 175
44 176
29 180
91 182
99 185
17 186
99 193
41
75 1
21 6
54 27
65 34
49 38
8 58
82 59
70 63
6 67
90 68
61 72
36 73
16 75
35 79
99 88
21 96
92 100
84 109
6 110
17 111
63 112
30 114
95 117
54 125
19 127
98 128
63 137
59 141
20 146
77 151
53 155
68 157
41 162
54 166
42 167
23 179
88 180
75 193
68 195
83 197
73 198
40
93 4
7 7
65 10
7 13
98 15
61 18
53 19
53 25
91 27
65 28
93 30
3 35
12 48
98 60
51 64
15 71
41 96
63 103
17 112
41 118
51 119
41 120
10 125
73 132
99 134
80 135
7 136
34 139
23 149
35 150
75 152
99 156
44 159
50 160
92 163
97 167
71 168
67 169
26 181
89 185
39
76 2
58 14
57 19
42 20
66 33
44 37
66 38
19 40
60 48
41 57
38 70
52 77
14 79
3 89
49 98
28 103
40 104
49 105
45 106
55 110
72 111
88 114
48 117
35 118
97 130
71 131
30 133
52 137
67 146
12 149
67 154
65 160
18 163
59 165
82 177
3 179
47 183
52 194
41 196
46
48 4
56 6
52 9
10 20
11 25
100 26
62 34
19 41
11 42
96 53
55 55
83 62
42 66
73 71
38 73
1 75
37 81
9 82
9 83
24 84
65 85
38 91
57 100
40 101
55 104
79 110
2 111
12 113
100 123
33 134
47 136
83 140
49 141
16 146
42 148
46 153
80 156
7 173
68 174
22 175
69 179
94 186
9 189
37 191
50 194
25 198
34
56 0
95 4
8 9
59 16
10 27
42 29
95 32
57 39
74 40
23 42
38 43
96 46
89 49
83 50
7 52
18 58
43 64
41 75
81 77
54 84
4 97
74 98
81 104
97 108
10 116
69 121
94 124
88 127
36 133
31 147
97 151
97 153
12 172
80 185
39
92 0
72 3
77 4
67 5
39 7
45 8
44 15
66 21
77 23
48 33
15 38
55 42
56 48
47 49
54 54
49 55
54 58
25 60
51 62
11 68
61 74
1 85
38 107
100 120
87 125
20 128
41 134
13 136
33 156
86 163
47 167
7 170
41 172
77 181
69 182
89 189
18 191
1 194
72 198
38
80 0
67 20
44 23
33 37
8 38
18 41
51 45
48 46
19 48
89 49
92 63
74 65
76 68
16 69
27 70
53 75
11 77
93 78
29 79
69 94
1 101
8 103
60 107
7 114
82 118
62 130
47 132
36 137
29 145
12 154
17 158
1 159
25 161
37 167
4 180
32 181
78 184
14 188
45
15 5
62 10
58 25
86 30
79 37
69 38
61 47
77 49
44 51
4 58
59 68
42 71
4 72
34 76
76 79
27 87
20 103
32 107
88 109
13 115
84 124
96 125
34 131
83 132
79 135
72 136
41 137
73 139
85 142
7 147
9 151
5 156
29 158
48 163
38 166
34 170
27 171
32 172
76 175
51 176
15 177
1 178
29 187
55 188
85 192
44
33 5
94 7
89 9
92 14
51 15
76 21
34 35
81 38
39 42
69 68
77 75
33 78
36 87
73 91
41 94
60 100
24 101
86 103
48 111
99 115
46 116
60 118
81 120
81 121
51 123
70 125
71 126
98 127
9 130
66 131
80 142
6 150
67 153
14 160
94 165
19 177
80 178
17 180
50 181
66 182
61 192
51 193
94 194
56 199
39
49 13
18 19
67 21
73 26
78 30
83 34
72 37
10 40
89 43
61 44
37 50
63 58
89 59
78 60
70 69
97 74
23 90
24 92
36 102
68 110
62 113
100 116
88 119
73 125
26 128
11 138
43 147
57 153
67 159
100 160
1 163
98 164
66 165
84 169
35 174
38 184
57 192
93 195
98 196
50
81 0
83 1
41 5
60 7
98 8
28 15
24 20
91 22
97 25
78 26
78 29
22 31
78 36
98 37
99 45
69 50
13 51
4 52
95 53
26 58
58 66
58 69
86 73
71 79
27 80
63 81
96 97
56 108
42 110
4 112
69 120
59 122
73 123
8 124
84 127
7 128
76 135
45 139
21 143
49 144
31 152
34 175
7 177
46 179
95 180
31 181
58 183
19 186
45 187
39 195
36
16 5
15 30
47 42
77 51
42 54
18 71
91 73
55 74
96 75
57 81
85 89
17 107
57 109
16 111
77 112
84 113
5 114
72 119
58 121
100 124
61 128
57 145
63 150
2 155
9 156
72 157
49 164
84 170
45 176
13 178
80 179
54 180
35 185
96 189
63 190
43 199
44
50 1
76 2
45 11
72 12
77 16
58 17
55 21
82 24
35 25
27 28
9 34
36 37
1 41
63 43
33 49
72 53
33 54
60 61
41 65
97 69
12 78
31 79
66 82
42 83
53 100
35 102
19 103
74 104
1 111
65 142
2 149
100 151
32 153
60 155
59 161
46 168
44 169
77 170
70 172
78 177
43 179
49 185
91 197
64 198
49
51 2
90 7
83 8
92 12
69 24
13 34
84 40
65 49
73 51
26 54
69 58
48 66
34 72
80 79
93 82
97 85
47 88
71 89
43 102
65 118
39 122
15 123
18 125
70 127
24 136
59 143
26 146
48 148
52 149
57 151
42 152
44 155
49 158
42 164
72 165
55 168
48 172
43 173
30 174
64 176
85 179
91 182
57 190
54 191
50 192
43 193
81 195
13 196
59 198
36
42 0
50 1
36 13
12 16
15 18
58 28
94 30
79 31
77 32
65 35
15 40
19 41
72 44
97 46
48 49
18 56
57 64
46 65
83 67
37 73
39 75
54 88
78 91
2 92
66 98
97 140
31 145
68 150
15 155
84 159
66 162
40 166
71 168
39 172
58 189
57 190
37
5 1
19 3
23 15
25 24
92 29
52 33
82 42
31 54
86 55
58 60
99 61
83 65
82 74
100 76
72 84
24 89
51 90
88 93
87 99
90 106
80 107
32 113
13 114
72 116
74 118
52 123
76 127
96 136
19 148
73 152
57 153
58 158
49 162
9 164
4 176
18 180
55 190
46
38 1
85 7
1 16
62 21
50 24
32 25
61 29
38 30
4 33
33 34
38 35
39 38
24 49
84 58
64 60
66 61
41 84
1 92
33 94
88 95
40 101
32 104
36 106
77 111
4 112
45 119
36 122
64 130
85 132
95 135
55 136
96 141
36 154
51 157
67 158
24 159
54 161
97 164
81 167
47 172
77 177
10 178
13 182
87 183
77 193
85 197
37
53 9
74 21
71 22
83 33
43 34
68 37
18 41
13 44
36 51
46 53
28 54
19 55
42 56
42 59
43 68
21 70
99 72
96 74
51 78
5 86
57 87
79 95
45 100
67 102
29 107
27 140
25 143
67 145
74 148
9 151
55 158
47 160
13 167
54 173
12 192
99 195
4 196
46
73 10
30 12
94 22
7 36
100 37
43 38
79 39
79 42
30 45
56 53
83 56
52 57
18 67
85 75
83 79
41 80
3 83
75 88
35 91
11 93
58 94
51 96
91 101
96 104
17 108
67 109
41 113
77 114
6 118
30 121
18 127
14 133
45 141
25 142
44 150
17 152
79 154
15 164
15 171
90 172
6 176
53 182
26 187
59 190
13 192
36 194
30
77 1
91 8
13 9
47 23
86 31
45 35
77 39
7 43
94 46
28 47
80 56
95 63
89 70
68 75
90 86
58 103
63 108
53 117
72 121
16 124
54 132
63 146
10 150
87 157
83 162
6 164
74 166
58 167
74 191
20 198
44
51 5
63 6
74 9
25 15
9 25
56 29
61 35
55 36
34 43
20 53
87 55
3 63
14 71
42 74
75 81
54 86
41 93
29 94
85 97
73 107
6 109
22 114
34 115
11 123
41 129
98 137
91 142
78 145
86 146
80 147
12 148
43 152
50 156
53 159
55 165
74 172
100 176
22 177
89 183
72 187
40 190
97 191
93 196
95 199
35
33 9
38 13
93 28
45 30
6 33
38 40
66 43
44 47
96 60
27 62
32 64
60 73
67 83
17 87
76 91
82 95
60 101
61 103
25 109
49 115
48 120
25 122
88 125
50 128
96 129
82 146
19 148
34 149
97 155
58 170
92 171
47 181
55 189
74 192
53 196
38
97 3
64 6
99 16
1 17
9 21
6 23
9 30
89 36
73 38
8 40
92 56
16 62
37 63
64 67
75 76
6 93
40 101
27 104
23 106
67 111
36 112
38 120
28 122
78 126
79 128
87 131
21 132
94 139
100 143
24 145
86 159
1 163
22 167
42 168
98 177
82 187
29 190
3 194
39
20 1
75 4
6 8
7 9
100 16
58 18
90 20
94 22
53 24
4 27
81 32
48 35
41 36
23 40
5 41
22 44
88 59
91 68
37 69
72 70
89 76
99 83
89 93
67 95
71 111
100 112
88 113
74 115
42 118
8 127
36 134
64 140
27 143
22 173
49 175
29 180
62 183
81 193
74 194
33
64 5
44 10
36 18
5 25
99 29
4 30
43 40
2 41
2 50
13 52
5 71
62 72
34 74
8 87
15 95
39 97
93 103
94 108
83 109
20 110
30 113
70 119
18 120
73 122
90 123
34 133
14 136
26 144
10 157
78 160
82 173
35 176
80 197
44
16 0
43 12
7 19
67 26
6 27
19 32
86 35
7 36
99 37
16 40
41 49
74 50
39 53
73 67
46 69
3 71
86 77
82 79
54 84
60 87
78 89
86 94
28 95
35 100
76 105
55 108
89 109
71 127
43 129
92 136
15 147
81 152
53 153
67 162
23 164
83 173
7 176
57 177
42 178
72 181
63 182
45 184
9 192
73 193
45
52 1
65 8
88 18
98 25
68 26
40 29
50 36
11 46
38 49
18 52
15 55
32 56
93 58
96 66
25 67
4 71
73 72
87 101
49 103
63 109
22 110
46 115
89 121
59 122
74 123
86 129
43 131
70 135
98 136
25 141
85 143
30 144
56 145
73 149
24 155
79 165
69 169
21 171
46 175
56 178
96 181
12 182
54 183
12 190
5 198
38
84 10
54 12
93 18
62 27
42 28
98 35
6 40
75 43
99 44
92 45
27 56
75 65
55 67
40 73
7 75
35 79
7 84
16 87
5 89
11 98
55 102
54 112
6 123
37 124
8 127
51 132
60 134
65 139
55 142
41 147
40 149
80 161
92 169
100 173
14 179
8 180
7 197
100 198
48
47 6
15 19
28 28
57 35
90 36
61 39
38 41
36 47
94 52
69 68
33 74
29 76
75 79
44 80
38 81
41 84
83 86
78 89
17 92
46 98
84 99
17 101
10 118
60 120
51 124
53 125
91 128
48 129
89 130
79 137
16 139
20 140
20 141
48 144
56 148
100 149
53 173
91 174
31 175
66 176
37 177
94 181
43 183
12 184
67 186
66 187
38 195
58 199
44
28 2
54 7
24 8
79 10
85 12
11 17
5 25
48 29
46 34
88 40
88 41
80 42
19 45
86 50
31 60
17 65
96 71
90 77
95 81
56 84
71 85
4 95
88 98
49 102
86 107
33 108
40 112
87 114
91 117
56 118
9 121
71 150
8 151
33 157
41 159
88 162
59 163
20 165
60 170
98 171
31 173
21 176
37 180
52 187
49
98 0
78 1
1 5
91 6
57 8
88 17
23 18
46 20
79 22
58 30
51 41
68 43
26 45
43 51
4 53
76 58
82 67
62 69
39 76
99 82
87 96
76 103
3 104
90 111
71 114
53 120
2 121
40 122
22 128
90 133
18 143
56 148
33 152
69 153
58 155
77 159
19 166
14 168
56 174
49 175
15 177
69 179
86 180
81 181
88 183
37 188
24 191
37 194
10 197
40
84 1
85 3
9 7
74 11
92 19
9 22
26 30
61 33
81 49
74 64
96 68
40 70
21 71
30 72
71 73
41 77
45 83
98 85
81 86
86 90
6 93
23 109
84 111
64 112
12 119
25 122
53 125
37 129
45 140
34 143
10 146
30 153
47 155
24 170
73 171
30 172
78 174
74 181
37 187
34 189
30
62 2
13 10
55 25
90 27
81 28
56 42
22 70
29 76
49 84
28 91
57 97
66 101
58 102
12 114
81 115
36 119
44 125
48 126
74 139
4 148
88 149
83 157
52 172
69 175
71 183
71 184
53 187
9 189
32 197
80 199
39
91 12
25 20
36 25
25 30
83 45
28 53
59 54
9 57
78 58
38 62
79 70
3 77
87 81
80 85
1 89
79 91
15 95
6 99
60 113
14 116
83 128
86 134
55 135
71 138
99 141
74 142
75 145
22 153
100 156
15 157
63 159
23 163
41 176
79 177
96 184
90 185
51 187
24 191
56 194
35
9 3
70 7
40 9
46 11
28 27
5 36
39 39
75 40
99 43
10 55
97 65
2 71
82 79
8 90
89 104
64 105
21 118
6 122
22 125
53 129
22 139
55 140
18 146
28 152
62 153
57 156
61 165
58 170
68 173
26 175
38 177
5 179
96 192
51 195
27 196
43
8 2
92 3
51 14
23 25
73 30
53 33
81 34
67 44
94 48
74 50
12 55
44 56
30 63
50 64
8 66
53 73
71 75
99 96
65 102
90 103
19 119
41 120
29 121
41 136
3 141
38 149
35 156
13 159
29 161
57 163
5 165
23 167
22 168
9 172
81 173
33 175
97 178
25 184
70 192
39 195
47 196
3 197
56 198
44
48 3
60 18
93 22
80 25
31 26
67 34
93 36
77 40
75 42
73 45
48 54
1 56
17 63
48 64
10 66
68 67
84 69
58 74
39 76
24 80
14 89
83 92
96 94
89 95
32 105
23 108
34 118
93 120
73 130
21 136
25 141
63 146
15 148
84 152
98 154
5 162
49 169
96 171
92 177
23 181
11 184
10 187
100 192
43 199
34
17 10
86 12
3 13
16 23
52 24
14 30
86 31
73 42
39 44
13 50
84 52
86 67
82 74
10 75
85 86
84 87
99 88
21 89
59 91
66 92
10 100
65 103
86 105
24 108
36 119
53 126
61 135
26 138
43 145
21 164
38 177
28 183
18 196
53 198
34
13 3
94 6
65 10
2 20
30 33
37 44
37 55
69 56
3 63
66 70
24 72
75 73
2 75
27 84
29 89
71 91
20 97
60 99
39 105
90 117
63 124
85 127
34 129
26 135
61 141
78 142
89 148
7 159
31 165
32 167
84 177
56 178
19 180
6 197
47
91 4
68 5
49 11
69 12
95 13
43 17
54 20
89 21
36 22
63 25
20 27
16 37
90 40
31 47
6 51
5 79
74 80
84 86
34 87
47 89
65 92
54 97
14 99
61 102
25 103
40 111
48 114
35 116
89 120
49 123
58 125
74 129
64 130
89 138
57 140
9 142
43 145
95 148
8 150
91 153
49 154
49 156
100 163
12 169
67 174
45 175
79 185
40
36 0
96 14
54 15
79 19
22 24
55 28
57 33
20 39
27 42
92 55
57 61
91 64
85 68
59 76
61 78
4 82
22 90
22 96
38 98
80 99
29 101
95 109
68 122
34 125
2 127
16 132
70 147
53 152
11 156
87 157
4 162
88 163
38 172
86 174
47 177
23 178
21 182
30 188
21 194
88 199
34
49 13
58 27
23 30
56 32
40 34
2 40
26 41
70 42
65 44
56 51
17 52
22 55
85 66
53 68
11 77
78 95
96 104
42 109
69 115
19 117
81 120
5 123
50 131
15 132
47 137
39 142
25 146
28 148
73 154
23 170
7 178
23 193
79 196
45 199
33
17 4
89 16
92 27
89 30
72 35
1 38
10 44
38 52
46 61
99 63
99 66
57 68
35 73
98 78
45 81
15 82
99 88
5 95
2 96
12 98
89 103
46 110
29 116
47 120
52 131
73 147
49 164
24 166
59 168
35 184
34 186
59 193
88 197
43
14 1
93 5
25 9
22 20
87 21
89 36
83 37
22 44
100 49
24 59
100 62
89 64
72 70
91 77
10 85
65 86
38 87
52 96
74 99
95 101
39 109
56 111
89 112
2 113
27 119
49 135
21 137
33 142
28 143
2 149
21 151
20 155
91 159
97 160
84 166
79 169
35 178
78 187
15 188
25 192
80 194
94 195
39 197
39
37 7
33 8
30 18
42 21
59 26
4 29
72 31
29 47
10 51
3 56
86 68
18 69
90 73
9 74
99 84
2 89
53 93
45 95
77 103
49 108
57 115
41 122
92 123
43 125
2 128
65 136
32 137
70 139
16 147
78 152
53 154
9 160
39 167
7 170
99 171
64 175
86 183
39 184
63 199
42
89 0
89 16
6 18
23 27
53 28
27 38
54 42
31 44
4 54
71 59
84 65
52 69
89 71
32 72
77 74
6 77
95 80
48 84
78 87
40 96
94 101
38 106
79 110
60 111
23 115
17 119
99 120
69 129
85 142
78 148
85 158
29 159
94 163
30 165
39 168
23 174
99 177
65 179
32 181
44 182
11 197
37 199
52
92 7
88 9
13 11
44 14
97 17
5 18
74 20
93 24
35 25
11 30
87 33
47 38
73 39
18 40
62 43
47 46
51 50
88 53
30 59
30 61
74 62
38 67
6 68
46 72
37 74
78 77
55 79
48 85
70 89
38 91
55 103
57 108
3 111
39 129
4 131
84 137
45 138
58 139
13 144
22 146
36 148
28 149
27 159
28 165
37 168
59 169
40 184
64 187
81 191
76 193
59 194
4 196
45
78 4
86 10
58 13
93 14
41 16
53 25
83 26
82 30
24 31
23 33
62 38
67 49
84 51
46 57
28 64
49 66
45 71
44 80
81 83
70 96
50 100
16 101
27 104
42 110
95 113
4 117
28 121
60 125
12 131
8 133
56 136
94 140
64 142
93 146
47 151
5 152
52 153
35 156
29 162
56 171
85 177
80 179
73 185
14 186
65 190
44
96 1
68 3
42 6
35 15
95 17
6 19
39 20
28 27
26 32
60 34
33 35
65 50
25 53
23 56
97 61
51 67
13 68
42 71
89 76
77 84
8 87
96 93
63 95
27 99
44 101
17 107
3 112
82 115
28 121
99 132
47 135
67 148
94 154
14 157
73 163
52 166
93 176
20 184
44 189
18 190
92 191
67 195
25 197
64 199
37
82 1
96 7
79 8
35 12
81 22
45 24
77 53
32 65
72 75
47 83
15 94
1 95
73 104
41 108
85 117
50 118
77 119
71 121
76 122
46 124
29 126
49 138
52 142
26 150
72 153
54 155
82 158
47 162
68 166
65 169
85 170
87 172
47 178
48 182
40 188
31 190
25 191
30
5 0
33 3
46 11
89 15
34 26
22 44
35 45
36 50
15 54
24 62
37 65
21 101
61 103
25 108
13 114
31 116
11 118
92 125
68 127
30 161
73 164
95 166
10 168
45 171
78 173
50 178
16 185
86 188
68 189
45 192
47
12 0
84 4
60 5
46 7
91 10
82 14
6 15
82 18
23 19
97 23
18 27
33 28
36 30
4 32
88 41
76 43
96 46
56 50
91 56
62 58
40 75
7 77
1 80
3 88
16 97
1 101
23 102
87 104
46 106
46 112
94 115
93 132
76 139
21 147
20 149
34 152
11 156
5 157
52 159
12 165
93 170
61 186
98 187
100 193
56 195
50 196
72 199
31
62 8
33 12
42 13
31 22
71 27
29 33
92 39
2 43
22 47
63 48
17 52
60 57
56 62
65 63
12 66
18 67
23 82
58 84
65 86
34 97
83 100
51 109
43 114
71 122
84 128
53 134
51 142
76 166
30 174
34 175
74 176
55
35 4
28 17
19 19
2 21
52 23
25 31
11 33
75 40
74 41
59 44
25 46
38 57
27 61
61 62
96 75
49 77
27 81
22 92
73 93
75 94
13 95
16 97
89 98
19 99
44 100
99 102
54 106
97 112
44 113
29 116
48 122
23 126
1 127
57 130
76 135
52 137
43 138
25 139
36 140
51 141
76 144
33 148
17 155
74 156
29 160
87 165
31 167
31 172
23 176
67 186
68 188
29 189
77 190
27 193
90 199
32
77 11
74 12
90 38
46 51
13 59
93 80
96 83
69 84
25 88
100 90
51 91
38 96
58 97
29 107
25 116
73 125
30 130
97 134
1 136
92 141
23 148
77 149
50 150
24 153
94 154
98 167
100 173
19 175
64 179
59 186
1 188
13 197
40
92 3
75 13
69 14
78 23
100 33
92 39
40 43
34 45
100 52
38 53
47 59
44 60
5 65
41 66
83 69
47 78
54 81
53 97
42 102
46 107
58 108
7 116
17 120
59 121
24 122
21 138
78 144
90 147
48 151
58 160
25 164
88 170
94 175
86 178
2 179
20 186
61 189
78 191
15 198
75 199
41
17 5
42 6
95 7
11 15
38 16
80 18
86 19
20 22
27 25
85 28
37 35
62 38
22 42
83 51
69 52
53 54
95 58
89 63
61 66
23 75
28 76
44 86
55 91
23 92
23 96
18 114
64 115
78 127
73 135
21 139
40 144
14 153
24 156
40 158
86 159
36 162
45 163
69 176
47 180
47 185
92 193
41
45 16
71 18
47 31
80 33
96 35
46 36
35 37
29 39
56 45
79 48
54 49
58 55
17 59
71 60
8 62
29 64
57 65
22 68
93 75
89 76
54 79
76 84
8 89
23 91
26 103
74 105
33 108
95 111
5 112
3 114
67 118
34 122
84 133
97 134
49 144
54 151
14 161
12 162
34 174
32 176
20 179
39
5 2
58 4
86 13
3 23
69 27
39 40
68 47
68 50
95 51
81 52
59 62
39 64
75 67
46 74
59 77
89 91
28 95
43 99
14 102
1 104
54 108
53 109
4 116
76 128
81 131
10 135
58 140
85 147
65 154
5 155
57 158
86 166
60 168
19 173
18 180
12 183
62 193
1 196
34 199
39
54 5
11 6
99 17
96 21
52 27
31 33
70 35
72 36
25 38
87 60
1 61
85 63
96 73
76 82
56 84
75 87
79 88
18 89
52 97
15 100
23 115
70 124
89 125
87 132
36 136
43 142
41 144
9 147
46 149
98 157
71 159
59 163
82 168
92 173
20 174
67 179
13 180
87 192
56 194
38
20 2
93 4
88 5
87 11
47 15
12 20
14 21
48 28
18 30
64 38
85 44
77 45
1 57
89 58
20 63
84 69
11 73
25 79
39 81
28 83
95 86
89 87
2 89
85 98
77 99
29 103
66 105
36 113
96 115
21 123
91 138
33 142
25 148
64 149
11 150
64 157
62 173
68 179
42
72 0
49 4
90 12
56 18
43 24
70 25
17 29
28 38
16 46
44 49
79 53
88 57
29 61
40 62
34 64
100 72
16 86
15 91
47 93
75 95
98 102
10 106
51 111
36 114
88 116
63 117
12 125
40 137
23 139
67 140
45 147
66 155
7 156
77 157
33 166
14 175
72 176
25 178
18 183
42 185
17 186
90 192
45
64 10
45 16
59 20
31 24
67 26
70 29
25 34
93 41
77 42
80 54
47 56
68 58
73 65
22 67
2 70
57 83
20 85
75 90
35 91
44 92
26 94
5 96
80 98
29 102
65 103
74 104
57 108
100 109
82 114
51 119
2 130
38 132
57 137
22 143
71 147
20 152
6 158
85 171
15 175
21 177
20 179
30 187
94 191
59 195
46 199
44
6 1
40 5
72 7
72 8
42 10
74 23
34 38
83 42
68 52
1 53
54 62
13 67
2 68
30 72
32 81
60 82
18 83
77 84
42 87
40 91
45 95
59 102
84 107
45 113
13 114
48 115
52 118
4 123
100 125
8 132
26 138
12 139
42 151
1 157
17 160
5 161
67 170
47 172
50 175
97 187
40 190
9 192
83 195
57 196
41
26 3
59 12
76 13
70 17
34 24
69 25
48 28
11 30
91 31
18 46
82 53
98 58
22 62
5 67
27 78
38 85
5 90
42 91
63 92
70 99
89 102
85 104
89 110
93 112
82 117
84 121
95 125
5 126
6 129
21 138
77 143
34 145
32 146
13 148
98 160
13 170
87 176
79 184
58 188
100 190
7 198
43
96 1
10 4
96 7
80 17
26 18
6 23
2 31
77 36
36 37
95 43
96 52
3 56
94 57
6 58
7 64
79 69
53 73
90 77
84 81
58 83
71 86
54 87
61 89
70 92
48 94
40 95
17 103
84 112
44 114
91 116
21 122
87 125
84 140
5 142
29 143
84 145
52 153
34 159
18 170
45 172
19 190
48 191
49 193
39
52 2
63 3
50 8
85 9
73 14
87 16
43 25
46 30
22 34
29 39
68 48
52 50
3 57
11 59
25 63
75 74
78 87
7 92
98 95
60 96
42 101
13 116
10 120
73 122
82 134
29 136
57 137
57 140
32 147
76 155
53 156
79 161
13 163
59 168
90 169
30 171
52 176
19 178
57 197
42
41 5
85 8
98 19
66 20
8 29
94 31
27 32
78 33
85 39
75 40
30 43
2 47
39 49
66 72
3 75
37 77
64 84
80 92
69 99
11 107
2 109
16 111
10 114
79 115
15 119
90 122
49 123
54 125
50 130
71 131
25 140
38 149
27 151
69 155
72 158
82 165
16 179
27 183
62 185
27 188
75 189
20 191
47
41 1
81 2
48 7
54 8
66 17
93 19
9 25
3 27
4 28
77 29
82 32
9 35
21 39
63 41
3 42
57 52
71 55
65 57
49 60
24 62
53 64
70 70
97 74
55 76
11 80
80 88
17 97
48 102
95 104
5 113
93 118
14 120
16 123
6 127
69 128
4 129
23 138
75 151
39 159
57 163
24 166
94 170
78 173
52 183
13 185
92 195
20 199
40
85 6
84 7
56 18
80 27
18 38
22 41
60 43
58 44
35 50
23 55
84 56
2 60
63 61
26 62
28 67
5 77
8 82
66 83
41 89
45 93
19 94
79 100
55 104
56 106
39 107
21 110
59 124
62 125
94 127
8 131
36 143
27 153
30 164
93 166
93 175
64 180
25 189
59 190
7 193
88 194
40
30 0
98 12
70 24
42 33
76 34
97 35
8 37
27 38
92 39
3 42
99 51
26 64
29 65
17 78
15 87
75 91
22 94
54 96
70 99
76 105
57 117
22 119
72 124
90 132
50 136
2 140
6 143
54 145
10 146
97 162
21 168
74 169
69 171
48 183
59 184
78 186
87 188
88 191
77 192
23 196
49
22 3
4 6
46 11
17 15
93 17
76 20
77 21
49 23
52 25
82 26
45 32
12 39
33 44
12 45
92 51
80 70
57 71
29 73
39 80
34 84
46 85
93 87
32 92
72 93
97 96
26 103
73 105
28 111
82 114
45 119
45 123
37 126
54 128
48 131
56 136
88 139
36 146
58 153
75 155
94 163
58 165
92 180
67 181
75 182
29 188
63 189
23 192
67 193
7 199
34
95 7
45 16
98 21
75 27
44 28
81 39
11 40
74 49
70 50
16 52
2 56
72 64
81 65
20 68
29 76
92 81
27 85
60 93
41 96
82 106
80 110
30 115
87 119
72 124
58 138
54 144
94 150
36 153
5 154
36 171
49 176
9 183
83 192
25 193
35
75 19
92 25
70 27
11 30
57 41
28 45
39 61
72 64
2 68
66 73
31 76
6 81
93 84
82 90
81 95
59 96
7 106
14 115
69 119
71 122
82 125
81 128
79 132
36 139
88 143
46 146
39 148
95 154
33 156
67 158
27 161
93 170
42 179
61 194
49 195
35
29 4
44 13
32 15
85 19
20 26
82 28
36 37
45 45
95 56
10 60
18 63
84 65
37 67
75 74
58 76
39 77
38 79
60 83
71 84
50 90
71 98
16 101
77 115
51 119
9 120
100 139
19 141
6 152
16 159
47 161
91 165
68 176
86 181
65 195
95 198
31
57 6
85 16
66 19
61 34
63 36
7 40
18 52
87 59
6 71
88 82
100 83
26 84
6 85
52 99
80 101
1 113
15 120
56 122
66 126
13 140
41 142
9 144
35 151
97 163
43 167
79 173
28 175
98 190
92 191
46 193
5 196
39
58 3
44 9
4 17
58 18
57 24
52 25
8 26
38 29
51 30
39 35
82 44
86 47
84 49
47 50
89 54
12 64
58 67
54 70
11 72
96 88
7 94
44 101
54 104
60 106
2 114
14 116
27 117
61 127
84 128
11 130
98 134
92 149
83 164
81 170
45 177
42 187
39 191
50 193
19 195
33
77 5
33 6
16 16
48 18
26 21
76 25
14 31
11 36
33 37
23 43
14 46
83 67
13 68
14 77
76 81
65 83
93 89
11 91
98 108
83 127
7 147
19 157
55 159
77 160
71 164
28 170
91 174
12 179
29 189
67 190
67 196
76 197
14 198
38
33 5
63 6
17 10
26 11
54 18
29 33
6 35
23 38
28 40
35 41
56 45
90 56
86 61
49 70
81 72
30 73
98 79
3 81
39 83
72 86
63 90
15 99
29 103
72 106
64 107
18 114
28 122
67 124
53 126
7 140
78 145
77 159
89 169
4 172
53 177
98 179
74 180
41 190
35
57 5
80 8
20 13
54 15
47 18
73 22
95 23
68 32
72 34
54 59
14 63
29 69
15 80
25 86
91 92
12 97
29 98
45 105
12 107
16 112
37 117
100 118
14 131
1 132
50 141
21 143
29 147
90 148
51 152
28 155
26 164
80 172
52 188
93 194
70 198
43
28 0
82 2
98 4
10 7
32 14
79 19
76 27
62 29
89 33
37 38
40 48
96 50
73 54
19 55
29 61
36 66
1 75
18 77
90 78
45 79
77 81
11 87
67 89
69 96
45 100
47 104
76 107
67 114
76 122
69 136
46 140
9 152
26 154
1 159
89 161
3 164
22 167
34 178
26 181
92 185
44 188
98 191
71 199
39
13 7
87 8
2 11
3 15
55 21
90 22
69 24
73 28
90 37
42 40
38 49
21 55
75 58
2 62
2 69
64 76
47 77
39 87
47 88
48 90
46 100
4 104
28 108
94 110
39 114
57 115
95 129
21 133
81 136
67 155
54 168
35 169
57 171
58 172
85 176
53 178
81 182
90 183
72 187
42
91 0
54 3
14 5
50 6
1 12
44 13
12 25
67 27
66 30
5 33
23 38
70 42
57 46
81 53
2 54
82 74
32 75
75 84
84 97
76 98
6 101
55 116
71 120
81 121
48 126
3 128
82 129
42 132
89 133
23 137
76 139
54 140
14 143
28 144
91 146
82 148
73 154
71 157
61 177
89 185
33 192
9 197
44
98 7
66 11
4 27
7 34
63 35
74 41
71 43
87 46
60 49
10 51
77 57
33 58
61 59
58 66
83 67
8 72
83 74
8 78
81 80
82 82
20 86
52 87
18 88
39 90
66 91
58 93
66 105
1 107
36 110
48 115
6 117
24 120
7 128
68 133
87 138
93 150
1 151
40 153
55 154
54 163
83 180
66 189
6 193
78 194
38
6 1
14 2
84 6
12 8
71 9
19 16
76 23
49 31
49 52
32 54
75 56
79 57
66 65
18 68
31 79
24 82
32 84
94 94
18 101
72 112
38 115
32 119
36 126
61 127
71 131
89 138
92 141
59 142
50 144
26 145
8 147
34 152
37 155
26 181
53 186
62 190
16 194
69 196
41
21 1
64 2
66 5
64 16
77 20
17 22
98 26
21 30
22 34
88 35
4 37
4 42
3 46
23 61
97 77
64 79
32 81
36 94
93 95
56 111
1 118
48 123
82 129
24 133
24 134
12 141
15 145
33 149
77 150
68 152
54 159
25 161
6 168
25 169
75 171
84 173
50 180
24 181
59 183
26 188
99 190
46
77 0
32 1
6 5
45 7
78 9
16 18
7 30
70 42
84 45
67 48
95 50
68 53
91 54
98 60
54 62
32 66
49 69
97 70
1 77
68 81
96 86
32 91
3 93
1 99
80 104
31 111
2 115
79 117
83 118
93 128
31 131
80 138
99 139
15 142
44 152
3 157
79 159
76 160
43 166
57 170
56 171
39 182
84 186
71 192
95 196
88 199
41
32 8
51 12
40 14
57 16
77 17
97 20
89 26
11 46
57 48
7 49
24 56
66 58
53 65
37 66
38 75
55 85
91 88
99 92
63 93
94 96
58 101
22 103
85 106
46 107
83 108
13 112
91 114
44 126
78 130
3 135
83 141
87 147
85 148
46 151
3 158
9 159
17 160
80 168
64 185
91 186
67 189
40
53 1
91 5
2 17
94 20
79 22
14 33
28 36
16 37
15 42
87 49
8 51
85 52
35 59
23 72
99 82
85 88
36 93
13 94
51 98
36 100
16 106
28 107
77 109
32 116
52 124
34 126
76 130
94 137
24 139
44 146
48 151
2 153
49 155
79 158
58 161
17 169
9 176
10 186
92 189
32 195
40
28 1
47 5
15 8
76 19
85 20
69 25
82 29
36 30
55 37
16 60
39 61
52 66
10 69
28 72
99 81
4 86
12 92
63 95
50 97
41 98
50 106
84 112
23 115
90 116
6 121
99 133
27 136
78 138
73 143
60 151
19 155
34 157
96 158
53 168
37 177
25 179
86 182
48 183
58 187
51 199
42
14 4
1 20
99 21
21 27
69 39
74 41
49 47
37 50
4 51
92 53
9 54
30 60
3 65
19 71
21 75
76 78
57 79
94 84
29 85
35 86
90 92
3 93
3 95
65 102
45 104
15 111
72 114
82 117
61 120
9 122
75 125
11 127
14 128
94 136
95 139
47 159
15 161
68 164
76 172
88 181
23 183
51 186
37
14 13
2 19
9 22
27 26
18 32
26 35
42 44
8 45
39 49
70 56
89 63
8 67
76 69
27 70
34 72
18 75
55 76
90 85
16 86
32 88
27 93
63 96
84 97
16 101
54 104
6 122
91 129
2 132
40 138
100 161
56 162
9 166
53 168
42 172
30 174
17 185
93 193
50
31 0
25 2
3 5
75 6
9 10
41 14
48 20
11 25
70 27
5 31
13 33
5 38
50 41
73 42
63 44
24 48
54 50
55 52
57 55
59 59
50 68
89 76
30 78
86 81
64 86
95 91
14 93
30 99
89 103
23 106
10 108
51 111
87 112
77 115
87 117
89 126
53 128
26 132
51 134
78 137
43 146
86 150
17 152
24 158
64 159
74 164
99 170
63 187
72 190
94 194
42
4 5
22 8
88 11
62 18
46 20
71 27
64 28
30 34
8 36
49 45
19 47
66 58
44 64
73 66
48 71
33 73
95 75
58 79
98 89
86 95
1 105
20 110
96 113
95 121
89 135
38 136
70 138
64 141
19 149
98 161
93 166
72 168
61 170
94 173
25 174
75 181
24 186
26 189
16 191
65 194
64 198
97 199
41
81 0
43 2
57 5
79 12
2 22
54 32
16 36
28 48
81 57
57 63
94 74
16 85
10 86
99 87
2 88
24 90
93 93
71 96
77 99
83 100
46 106
55 112
44 114
86 123
49 124
10 125
88 129
47 141
27 148
22 149
78 158
39 175
70 176
19 177
42 179
11 181
38 183
90 194
61 196
50 198
38 199
37
66 5
56 6
80 8
65 18
52 24
31 26
17 28
8 29
65 32
84 33
42 34
87 42
91 52
76 61
5 62
2 63
42 64
29 75
18 76
48 95
51 98
43 100
9 102
38 109
85 115
49 118
54 127
87 131
52 136
13 139
78 157
97 169
52 170
94 175
73 181
7 196
75 198
35
10 7
19 12
13 18
68 21
27 28
4 29
24 31
48 38
83 39
38 48
6 56
10 57
77 58
39 59
58 62
82 64
29 80
54 88
52 105
1 107
21 111
13 123
68 127
24 147
41 155
46 156
32 157
100 166
52 167
42 171
46 175
81 178
7 181
11 183
32 184
37
83 1
19 2
48 3
22 4
61 12
4 32
78 35
2 36
2 38
56 44
14 46
92 57
74 59
96 69
25 72
90 75
80 80
28 81
9 87
12 92
73 94
65 97
96 100
89 123
98 124
57 138
48 139
66 141
92 142
44 150
41 162
98 163
23 168
43 178
49 184
93 189
10 190
29
19 7
29 20
83 30
85 32
42 41
66 47
96 54
30 58
13 59
49 69
3 71
80 74
76 75
61 76
52 81
43 82
89 84
85 92
87 95
91 99
7 103
62 111
68 119
62 126
9 139
28 157
57 167
64 168
69 194
43
69 21
85 22
44 32
93 33
40 34
36 35
44 42
70 44
68 47
97 54
7 55
51 64
94 66
28 71
25 72
43 73
7 80
53 83
39 96
73 100
64 101
49 107
79 122
16 124
87 129
95 134
28 137
21 138
95 140
97 141
38 142
23 148
49 151
99 153
58 155
85 164
10 166
62 184
56 185
84 187
49 192
37 197
45 198
38
44 4
36 5
7 9
87 16
44 17
93 19
15 20
34 28
9 29
74 40
79 45
33 48
60 49
76 62
3 64
28 65
88 73
40 85
99 89
84 93
66 99
43 100
69 103
35 106
67 136
30 150
48 157
66 160
51 161
44 170
22 172
56 175
89 180
19 181
11 186
64 187
70 190
41 195
45
70 6
74 7
90 11
85 19
30 22
79 26
48 33
60 36
95 38
78 40
17 43
70 46
1 48
83 56
89 61
78 65
97 75
36 86
22 87
93 99
51 100
88 112
33 113
48 119
25 121
36 126
68 128
14 130
66 131
86 134
98 136
62 141
46 145
100 147
56 152
3 160
33 178
25 179
20 180
14 187
15 191
76 194
29 195
46 198
50 199
38
26 3
12 4
54 10
25 17
86 18
84 24
25 25
20 34
92 35
22 45
23 46
25 56
78 73
66 76
8 84
42 85
73 91
52 92
51 97
97 101
96 103
75 109
33 116
19 121
90 126
30 132
98 134
47 136
14 141
29 149
27 161
32 162
1 172
88 177
19 186
37 190
45 192
18 197
35
76 21
70 24
48 34
9 39
96 61
17 63
40 70
69 73
85 78
68 82
61 83
19 89
70 90
85 92
75 95
73 98
5 101
89 103
75 115
87 123
17 126
18 129
87 132
100 133
68 142
28 153
42 155
16 160
45 169
75 170
70 171
98 173
19 179
3 193
1 199
38
6 1
95 3
40 13
58 18
8 23
62 27
75 30
26 34
56 36
99 40
74 45
54 54
78 55
31 56
51 64
69 65
73 66
98 67
33 74
38 77
82 79
55 83
18 90
31 98
82 101
32 105
47 115
42 116
20 140
25 143
34 149
62 154
5 159
91 163
11 164
73 171
26 179
42 193
39
60 14
13 15
44 19
61 28
18 51
30 54
27 59
48 70
70 71
93 73
51 78
3 88
14 89
61 92
27 94
26 101
88 105
9 117
28 127
17 131
52 132
46 134
26 136
46 137
39 139
56 141
14 149
73 151
50 152
19 155
67 158
47 160
29 163
90 167
75 183
84 185
7 191
31 192
25 196
40
62 0
59 10
85 12
91 16
76 17
84 26
88 28
3 32
47 33
91 40
97 41
97 42
80 45
66 49
66 56
69 62
31 67
85 74
12 78
86 82
37 86
15 89
4 99
91 100
33 104
96 106
79 135
64 136
44 140
75 144
23 151
99 157
19 160
6 161
88 174
77 176
50 187
58 188
33 194
54 195
45
14 2
98 11
75 18
15 19
5 21
4 23
56 30
82 34
77 36
67 40
79 45
80 56
74 59
47 62
72 64
27 69
41 70
39 74
37 85
1 86
50 92
47 94
67 97
52 98
12 104
24 105
36 107
43 116
59 127
9 135
77 141
4 147
90 156
54 159
40 162
30 166
87 168
18 171
30 175
21 184
72 191
31 193
79 195
89 198
80 199
35
25 3
19 8
82 10
34 12
19 18
47 31
84 41
83 45
67 46
20 47
46 51
57 54
72 57
65 61
59 76
93 80
64 90
13 98
27 99
57 100
28 106
22 115
67 118
54 122
61 124
3 131
25 136
99 137
79 142
69 157
19 164
18 174
84 180
65 189
89 196
42
10 0
10 17
69 19
50 32
66 35
16 38
39 41
18 43
52 45
58 49
49 52
24 65
2 74
51 85
98 86
85 88
87 93
44 94
52 97
4 101
20 104
18 106
73 109
90 110
74 115
18 117
48 120
75 121
22 128
17 129
11 134
5 137
50 150
62 153
81 155
34 165
75 169
25 172
88 178
19 180
61 182
25 196
37
41 12
81 16
59 17
84 26
26 29
58 31
99 45
59 46
81 50
66 52
65 53
14 59
40 81
99 87
22 88
43 89
51 92
27 93
18 95
34 105
35 108
81 109
55 117
44 120
63 124
27 131
83 134
42 149
6 152
76 154
12 163
86 167
3 180
74 185
91 193
58 195
79 196
37
71 7
28 11
44 14
100 15
25 24
2 26
86 34
93 35
17 39
21 41
71 58
28 61
76 70
28 73
43 76
26 77
9 79
35 90
76 98
91 99
26 103
85 108
41 119
78 122
69 123
79 127
91 129
47 131
90 133
15 146
46 157
32 159
52 162
4 169
87 179
13 181
24 186
40
53 5
74 7
45 8
78 9
58 11
60 14
9 16
86 19
48 21
20 26
11 29
62 32
33 34
87 36
11 44
10 45
4 67
69 76
77 84
74 89
93 91
17 96
17 105
38 118
82 122
5 127
65 129
82 139
87 141
59 146
40 151
20 156
85 165
8 173
21 174
7 180
83 184
70 188
10 195
4 196
35
11 4
31 5
64 6
40 15
88 17
4 25
60 30
4 35
98 39
57 45
51 54
68 55
68 73
43 76
86 84
19 85
70 91
55 100
71 108
31 115
64 116
63 124
12 131
82 139
41 146
49 149
97 158
72 165
100 168
97 173
57 180
18 186
12 189
59 192
81 198
35
90 2
86 7
50 8
99 10
26 11
80 21
15 28
46 30
93 49
57 53
85 60
91 62
93 72
13 75
90 76
60 77
9 82
54 93
39 100
88 107
96 111
65 117
40 123
81 134
41 137
3 139
32 140
46 155
9 156
70 157
100 161
50 162
46 167
54 176
80 177
51
22 4
98 6
79 19
61 22
11 24
64 25
30 31
87 36
9 37
31 49
30 57
53 61
35 72
38 75
74 77
80 80
34 85
9 90
53 94
93 95
82 101
94 102
53 107
62 108
85 109
86 113
87 114
26 116
63 121
82 127
79 128
21 134
69 136
19 140
17 145
95 146
34 148
23 152
63 153
82 155
4 156
79 160
31 161
47 163
93 179
51 185
28 186
45 191
32 192
30 194
66 199
35
1 6
75 7
69 12
84 17
36 21
15 27
73 45
54 48
29 52
91 56
56 71
16 76
17 80
1 82
58 88
51 94
84 96
46 98
25 101
39 110
89 127
72 128
30 140
80 141
99 144
23 145
2 150
83 159
16 166
35 169
88 176
44 184
22 185
58 191
6 196
34
8 18
7 19
1 27
85 28
38 30
83 37
16 38
78 45
68 47
46 50
70 53
71 57
66 60
7 62
86 78
31 84
20 88
80 99
56 103
13 114
95 123
75 127
21 131
52 137
33 139
54 149
71 153
37 156
74 157
3 167
31 173
47 179
35 192
28 195
38
2 17
8 19
81 31
45 34
51 39
54 40
23 43
2 46
61 61
1 65
23 74
21 76
9 79
14 83
59 86
19 87
27 89
94 94
76 104
44 106
33 109
23 120
69 122
14 123
43 128
37 148
8 149
65 151
89 152
44 162
29 166
61 168
23 175
73 178
7 180
21 182
52 185
59 196
39
11 2
11 6
25 10
44 24
9 27
38 49
46 52
51 59
17 62
41 64
88 66
97 67
47 68
30 78
55 81
73 85
5 92
78 98
27 106
23 110
45 112
98 120
73 128
66 131
31 133
15 137
62 138
19 141
71 148
30 152
48 157
62 160
10 170
72 172
72 180
50 181
15 184
69 191
18 196
36
7 5
87 9
57 11
2 17
89 27
14 28
37 29
33 32
75 43
26 51
41 69
47 75
62 77
62 78
26 85
34 86
44 91
19 93
89 94
15 108
94 111
28 112
96 119
14 122
75 126
50 143
18 144
5 145
38 149
46 172
89 175
47 181
60 182
58 186
79 191
65 198
30
17 2
72 7
32 26
48 28
73 30
51 50
96 53
7 58
100 62
93 72
48 77
16 82
95 86
15 89
35 98
77 103
90 104
81 107
39 112
46 117
27 120
60 124
41 139
49 142
93 163
73 181
80 185
98 191
11 194
20 195
44
77 4
97 9
19 16
34 18
94 29
16 37
12 46
16 47
77 50
14 58
15 62
66 65
77 71
31 72
89 76
41 78
22 80
13 88
98 91
41 92
4 103
29 107
1 111
100 114
75 115
95 116
55 117
97 129
87 130
23 140
31 143
10 144
98 147
75 148
9 150
51 152
72 155
40 161
2 168
86 170
25 182
5 184
69 192
35 199
40
8 5
14 6
55 20
53 21
2 22
98 23
61 27
7 31
49 34
2 42
98 48
8 54
10 55
19 58
12 69
40 88
1 94
54 103
48 108
34 120
67 123
86 127
13 128
44 131
46 132
98 140
87 146
78 147
51 156
50 163
28 164
60 168
81 172
57 189
13 190
19 191
25 196
28 197
46 198
78 199
31
71 0
79 1
94 8
86 23
13 26
4 27
4 38
88 40
96 46
44 52
38 54
52 72
44 78
91 82
42 84
20 88
29 89
56 96
44 99
47 115
93 131
32 138
76 142
90 157
61 162
19 168
14 171
51 172
34 174
16 176
45 199
38
24 0
89 7
2 8
38 9
28 11
70 12
14 20
94 21
2 30
39 41
18 48
95 50
8 53
77 54
64 60
92 67
86 68
60 70
46 80
83 82
26 84
63 86
90 94
26 111
8 113
87 114
36 118
94 120
36 142
61 152
92 156
31 160
99 163
87 168
100 171
26 176
83 192
65 197
30
38 7
4 13
71 22
63 44
51 52
76 55
73 59
43 71
16 74
88 76
20 84
3 93
55 97
18 98
49 113
37 114
79 122
89 125
32 129
28 133
77 140
53 152
85 153
84 164
22 165
99 170
75 174
25 177
94 187
93 196
43
2 11
78 21
31 33
13 45
45 46
84 49
44 53
79 58
65 67
95 68
52 73
64 88
21 90
42 91
47 93
86 97
42 102
70 103
67 108
52 110
51 111
80 114
71 119
23 125
100 128
84 131
57 133
22 140
25 142
83 144
40 152
72 155
15 159
17 160
21 163
90 164
94 165
22 166
79 168
90 177
39 188
57 190
95 191
37
66 9
96 19
1 41
74 50
89 60
85 65
40 66
84 67
87 72
18 80
6 87
42 92
10 93
9 96
47 97
47 98
44 101
20 116
76 120
60 133
52 136
26 139
56 146
37 148
1 152
93 157
54 165
72 166
44 168
88 169
49 170
68 179
51 181
94 188
17 191
13 194
18 197
43
57 7
83 14
10 15
85 22
68 24
58 25
85 37
13 43
25 48
70 49
69 51
56 59
22 62
15 65
100 68
95 69
42 70
16 76
35 85
93 90
40 98
36 99
83 101
23 105
40 106
91 110
68 115
46 122
57 124
79 126
44 146
38 150
12 153
100 160
56 161
50 164
92 166
23 182
34 184
43 191
94 192
95 193
94 197
42
7 16
19 19
78 22
72 23
33 29
53 31
53 32
55 33
28 44
99 49
93 51
25 53
4 54
37 60
5 61
7 62
86 64
30 72
8 77
63 79
86 93
25 104
57 105
43 109
47 115
17 117
86 126
13 138
74 148
65 156
19 157
38 162
17 163
4 166
75 168
90 177
92 181
74 189
46 190
95 192
40 195
3 196
38
87 0
95 14
63 20
95 21
99 23
54 25
29 26
54 29
22 34
76 37
93 39
71 41
56 49
1 50
73 55
24 59
39 68
95 69
26 76
65 81
72 86
61 87
46 95
30 102
1 111
4 125
72 132
36 139
84 143
83 149
36 161
82 170
98 171
9 172
92 186
39 193
100 196
20 197
28
45 5
76 7
96 12
66 14
71 26
31 35
59 39
25 60
84 61
33 66
87 73
55 77
65 82
6 84
63 88
58 90
55 91
40 95
77 101
77 112
17 122
27 124
96 132
42 160
41 163
14 167
90 170
68 199
45
78 0
85 1
92 4
55 6
54 8
29 13
16 16
67 24
56 26
7 36
74 46
64 52
99 56
45 74
45 76
84 77
77 80
90 84
84 85
42 93
24 94
45 95
7 97
95 98
18 99
53 104
26 107
72 110
55 118
89 123
2 127
50 131
41 133
69 138
1 140
48 146
12 163
74 170
5 179
65 186
2 187
22 188
12 189
13 195
71 199
36
70 12
85 13
23 24
88 30
21 32
57 34
49 44
27 45
34 50
81 52
90 59
47 61
16 62
52 67
3 70
72 73
7 75
70 87
83 103
9 104
24 113
90 114
76 123
37 134
4 136
49 164
73 168
75 169
18 171
25 172
25 180
79 185
48 193
94 195
100 196
23 197
42
59 11
89 14
17 17
21 24
14 26
55 27
76 28
2 45
25 48
23 51
9 55
89 60
30 62
39 65
16 69
46 73
78 75
42 76
37 77
84 84
90 103
81 112
78 114
47 119
58 120
100 122
41 124
44 132
59 137
10 141
48 147
78 151
96 154
46 158
52 166
69 168
93 171
86 188
70 192
4 197
11 198
86 199
27
29 12
20 14
65 23
15 40
54 43
59 52
65 55
89 67
4 73
23 75
35 85
39 92
87 96
70 100
66 101
21 105
84 134
54 140
62 158
28 170
40 173
11 175
78 178
47 189
1 193
89 198
67 199
33
79 8
57 12
50 24
67 25
79 31
82 33
18 35
8 77
14 79
41 83
29 86
50 95
57 99
72 101
24 110
61 111
70 113
6 115
35 135
78 136
11 137
95 140
54 145
41 148
96 152
18 153
11 162
31 165
24 169
90 176
63 177
83 186
23 187
43
30 0
80 9
21 11
35 15
54 17
57 27
97 30
86 33
7 36
88 38
17 42
69 45
14 47
35 50
39 55
67 58
87 62
99 64
11 67
81 71
38 72
14 76
46 78
51 93
24 95
85 99
32 103
49 111
60 123
32 124
54 125
21 127
6 129
86 135
97 138
98 141
66 143
12 154
26 160
49 163
5 168
20 183
79 192
35
11 10
72 11
15 18
22 24
45 28
87 41
83 50
54 56
94 61
60 62
20 64
62 67
12 68
20 73
37 75
60 78
8 80
30 81
78 82
78 93
22 94
23 101
51 106
57 108
30 113
22 123
75 127
18 128
30 130
72 140
47 161
68 165
26 171
55 180
49 183
46
90 3
98 12
95 14
92 18
81 21
55 22
4 24
79 25
41 30
83 33
28 34
12 42
33 48
71 50
84 51
37 52
68 78
80 88
48 97
55 98
12 100
1 102
49 109
83 111
66 113
13 124
70 125
52 126
73 127
43 130
85 131
71 135
86 138
65 140
46 141
3 149
98 164
42 167
66 169
10 170
97 171
59 178
14 186
30 194
80 196
9 197
49
56 3
27 6
98 10
46 17
93 29
58 38
98 44
15 47
26 49
98 50
52 51
67 67
4 70
49 86
64 89
83 90
97 92
37 93
99 94
33 97
42 104
5 113
91 119
45 122
31 124
26 127
21 128
76 131
28 137
60 142
58 146
73 151
19 152
23 157
19 158
99 160
67 163
39 165
66 166
51 167
65 169
45 170
43 171
76 174
59 175
95 189
100 192
57 194
35 196
40
29 5
90 6
3 12
27 17
88 26
11 27
30 30
88 33
73 34
7 35
40 36
77 41
48 45
29 55
23 62
82 64
57 65
88 68
36 69
88 72
29 76
39 84
44 90
29 96
10 105
51 112
28 114
95 119
30 122
52 125
100 128
13 129
6 142
100 161
87 162
12 174
44 180
77 184
49 186
34 188
40
83 0
82 3
18 27
13 40
7 42
13 65
12 66
41 75
97 78
94 80
82 81
21 83
36 84
32 88
82 90
36 91
57 97
26 99
14 102
68 105
39 112
99 130
1 131
72 133
64 139
94 141
94 142
40 146
32 148
63 153
12 156
51 158
7 163
43 166
12 178
88 180
82 181
70 185
53 190
1 195
51
28 0
14 1
83 5
71 8
10 10
7 11
42 15
20 16
99 22
57 45
93 48
91 51
40 54
53 63
80 70
78 82
45 86
54 87
47 90
59 101
42 104
55 108
79 112
40 118
8 120
26 122
70 129
29 134
46 138
32 141
99 142
50 149
69 153
97 154
73 158
85 160
13 166
48 169
40 171
75 174
22 176
81 179
23 181
64 182
3 183
77 184
100 186
33 189
18 191
71 193
97 196
39
61 4
5 12
20 13
9 23
72 27
57 31
49 35
69 37
29 41
57 47
60 52
97 54
51 57
76 63
41 70
38 81
94 85
51 86
62 87
98 93
79 103
63 109
49 114
19 115
25 118
33 119
14 121
70 122
93 132
15 138
54 154
60 161
3 168
9 170
37 174
20 178
30 182
70 192
3 194
37
4 17
77 19
53 20
69 23
72 26
96 39
3 49
10 56
30 64
24 67
58 76
65 80
15 82
82 92
24 96
81 102
29 103
37 105
42 107
19 109
57 112
39 115
2 117
75 120
57 121
56 128
63 130
55 135
62 137
60 154
45 156
50 166
74 175
62 183
21 192
1 197
44 199
200
40
14 0
62 1
35 4
40 8
87 15
34 16
87 22
74 29
90 41
11 44
89 55
19 58
47 60
60 61
74 62
2 63
22 67
90 81
11 84
52 109
82 112
30 113
62 117
68 123
90 124
13 127
69 130
91 131
11 134
73 138
1 141
97 143
72 152
67 161
58 166
36 174
18 177
48 184
43 189
60 194
