200
200
5
10 5
50 36
83 45
78 107
10 179
3
60 139
28 142
26 166
2
60 29
27 189
3
88 53
76 67
94 95
5
90 3
58 34
14 35
60 46
72 104
5
90 35
15 139
20 154
43 166
57 187
3
11 56
34 116
36 122
4
23 34
22 43
33 107
47 121
3
8 48
59 52
72 123
2
20 123
96 142
2
76 151
52 154
4
24 69
18 132
89 139
61 183
4
3 65
16 88
88 149
70 160
5
74 35
36 63
70 66
80 72
21 78
3
7 15
59 66
8 135
4
77 13
9 102
78 103
14 188
3
56 129
2 185
18 197
7
98 34
20 82
75 95
83 97
61 103
38 106
100 176
3
3 104
42 153
73 183
3
93 1
96 63
11 195
2
56 49
10 125
2
26 45
14 180
5
71 12
32 42
78 62
73 98
89 187
4
11 4
97 13
2 54
31 186
6
100 3
25 13
36 32
79 104
65 107
60 177
4
6 71
48 95
71 96
55 135
3
42 11
48 55
13 97
3
57 18
62 57
7 169
1
19 193
11
7 11
29 27
6 28
57 46
59 62
84 92
69 128
8 131
36 132
71 143
43 194
5
71 61
35 62
94 83
1 153
38 187
3
25 115
65 149
12 190
4
37 16
100 18
8 152
59 163
4
77 49
31 57
58 100
74 159
5
34 8
11 26
99 33
30 73
65 188
4
99 4
81 66
64 147
47 162
1
40 112
5
64 2
93 12
45 71
34 77
94 89
1
30 119
5
20 22
64 58
54 74
12 126
56 183
3
14 40
20 47
56 150
2
26 137
77 186
8
75 14
48 15
86 18
26 25
36 41
79 45
78 74
88 190
4
33 94
41 109
12 146
32 159
5
30 31
46 40
54 131
29 144
28 199
1
12 120
7
81 45
56 59
97 71
57 86
37 142
10 159
8 185
1
3 39
6
70 13
34 30
65 95
41 162
83 165
8 189
2
99 95
74 179
10
71 0
50 13
83 15
53 49
97 72
13 118
65 127
88 160
91 176
47 190
4
89 5
62 32
86 150
77 192
5
66 23
74 96
64 109
20 196
76 198
5
96 90
93 112
21 121
35 148
46 158
5
57 41
37 84
57 94
97 113
4 123
5
43 20
84 45
98 47
39 97
4 134
2
67 54
59 79
4
47 40
7 48
36 94
40 188
3
36 68
92 163
14 177
5
68 22
50 76
30 143
78 175
78 186
2
51 69
23 186
4
33 19
44 97
56 151
25 172
7
64 17
99 31
90 45
79 55
78 79
83 89
12 127
3
91 1
29 17
83 25
7
65 10
28 44
41 54
59 96
89 106
52 185
26 188
4
99 1
16 13
68 122
33 134
6
26 40
71 114
12 132
70 139
84 170
3 193
2
31 182
32 183
2
17 17
88 173
5
99 10
90 22
66 75
23 114
47 124
3
7 108
48 133
52 143
3
80 5
32 31
69 122
3
41 41
21 48
40 145
5
47 53
53 63
1 81
20 101
22 166
5
70 48
27 68
94 85
92 88
57 188
4
46 6
97 63
39 162
95 182
7
35 57
70 73
63 76
18 102
68 105
93 159
85 173
5
7 6
99 34
74 109
34 170
85 181
4
24 84
78 95
36 125
65 132
5
79 42
90 125
1 131
1 175
65 193
3
98 30
63 141
12 144
1
29 158
2
89 72
15 180
5
63 41
2 65
17 114
89 167
73 183
5
45 38
85 111
53 159
12 164
98 167
3
73 94
91 104
42 187
4
22 19
23 32
11 132
97 189
4
61 101
56 117
62 178
57 183
5
26 16
6 84
32 100
23 134
73 169
2
53 86
5 99
6
17 35
91 53
19 77
38 151
54 165
55 198
5
94 6
56 23
12 82
25 131
21 139
5
33 73
20 79
2 87
60 97
68 163
7
22 12
94 18
17 24
11 28
89 47
84 85
55 98
4
37 19
79 114
57 181
39 195
7
70 6
64 29
17 60
41 64
33 80
52 94
83 149
5
65 27
58 86
78 125
40 169
69 194
2
68 61
94 116
1
18 141
2
93 13
82 94
3
20 49
48 54
18 139
7
3 74
8 85
71 88
45 108
17 144
26 175
51 180
2
71 24
59 159
2
37 46
53 196
3
50 74
46 120
12 152
7
23 3
68 84
24 103
20 119
2 135
88 147
2 150
6
70 41
91 85
83 151
1 161
9 175
60 197
0
4
91 15
27 30
35 52
33 96
2
61 1
72 169
3
93 55
39 119
39 187
4
89 35
95 123
95 142
41 170
4
27 8
48 65
88 118
74 176
4
36 0
90 38
69 123
88 148
5
10 77
49 134
87 145
85 181
62 199
9
37 4
61 20
7 25
59 39
49 63
2 107
22 120
50 144
31 192
4
93 44
9 57
96 61
90 106
5
17 27
77 38
13 63
48 68
64 99
7
60 7
22 15
53 53
39 76
38 117
93 140
87 158
4
65 5
54 14
25 77
21 86
3
21 29
93 37
28 58
5
38 19
82 76
90 152
85 175
2 190
6
30 1
62 82
48 95
65 109
54 128
54 139
3
60 21
43 51
78 126
4
63 19
79 21
24 73
100 138
10
29 20
13 49
51 55
78 95
88 116
2 120
72 134
28 171
67 182
4 199
4
43 70
22 114
29 120
42 147
4
13 7
22 59
20 146
52 172
5
7 6
93 68
76 79
27 98
100 162
2
91 63
77 153
2
28 91
25 141
5
87 41
66 63
16 68
42 95
67 101
7
66 30
47 82
33 84
93 129
37 132
44 161
62 194
4
100 66
8 113
49 119
92 161
4
37 109
58 130
66 147
94 148
3
77 23
39 107
89 149
5
27 10
30 27
38 38
59 145
97 153
1
99 41
4
10 110
22 126
18 156
66 199
2
100 28
73 187
5
68 19
77 54
93 85
5 142
72 170
8
91 32
10 60
23 78
48 79
71 93
66 123
12 126
16 139
2
99 32
16 59
3
24 63
81 86
46 152
5
60 100
21 122
81 160
71 188
98 196
4
79 8
33 62
32 132
47 191
3
29 13
50 54
23 132
7
82 17
31 19
53 21
78 32
10 74
94 86
6 108
4
65 2
89 86
18 143
34 160
1
37 70
1
24 122
3
27 70
48 106
40 154
1
52 66
2
54 40
48 174
1
64 158
4
57 37
62 50
21 52
42 159
5
3 41
47 43
85 61
30 143
19 180
2
36 44
64 146
3
59 13
77 104
13 180
5
62 87
46 143
59 158
89 186
84 189
3
48 25
71 128
92 140
4
95 7
73 77
42 100
57 164
7
23 21
31 25
44 92
59 95
73 118
86 138
87 162
1
49 107
4
51 59
55 123
57 133
96 180
7
35 9
87 71
1 96
78 107
69 122
94 126
1 171
4
35 38
94 41
41 165
3 178
4
18 18
74 135
60 174
91 197
1
10 7
2
41 171
92 196
3
36 143
62 146
69 170
5
29 35
91 85
18 98
66 106
43 187
8
28 22
43 90
13 116
80 142
59 160
96 170
27 183
28 197
2
74 28
11 125
2
28 34
85 197
5
87 9
71 38
80 62
98 112
38 185
2
71 78
8 128
1
83 75
3
71 1
96 83
79 182
4
76 0
45 54
56 127
93 172
4
15 32
3 53
81 169
64 192
6
62 13
14 58
83 71
6 83
61 97
9 153
4
48 99
91 118
94 123
91 183
2
97 3
80 187
6
100 83
37 86
71 134
80 173
31 175
64 190
5
90 11
13 42
48 86
75 129
77 130
6
14 56
75 57
100 119
96 123
61 131
47 180
2
100 118
28 179
4
1 120
60 132
80 162
35 165
5
4 18
66 86
56 136
9 160
46 188
8
64 12
27 19
8 27
26 37
40 57
19 108
17 146
27 153
4
89 118
83 140
53 165
38 176
2
59 173
43 195
2
6 1
16 51
9
81 20
55 32
60 62
55 63
94 90
71 94
56 144
68 171
32 180
5
28 30
27 40
76 44
33 116
100 182
3
19 75
29 83
99 173
3
2 25
58 111
14 193
6
91 24
78 41
99 61
25 105
28 187
84 196
3
46 65
18 121
96 138
200
4
32 4
25 18
23 180
53 192
