200
200
5
28 60
89 107
80 135
89 156
46 171
3
67 18
58 63
69 105
0
1
84 171
2
84 49
10 142
2
87 167
77 171
4
96 102
52 104
70 135
17 161
2
69 79
47 160
2
28 30
96 94
2
15 76
71 83
4
30 19
72 123
88 125
15 196
1
100 6
2
63 130
72 189
1
94 194
5
64 109
64 117
35 136
65 151
63 175
2
50 68
51 163
2
38 13
28 51
2
73 36
11 68
2
77 28
20 189
1
20 155
0
1
70 90
1
30 21
6
90 26
45 66
39 71
92 88
61 104
37 159
3
93 62
76 154
50 185
3
11 72
44 115
78 192
4
20 18
43 60
93 78
95 168
0
2
35 108
15 189
1
93 58
0
2
21 62
60 182
3
99 68
69 172
36 179
3
75 30
67 118
69 124
2
5 13
84 194
0
2
63 14
23 112
5
82 9
53 25
43 148
62 166
81 185
3
97 16
33 71
94 98
4
64 78
85 113
34 117
84 137
0
3
7 3
99 82
97 176
2
76 41
100 152
4
94 8
96 40
5 85
47 190
0
1
3 25
1
25 118
3
1 1
50 2
22 104
3
45 5
32 64
82 83
2
64 62
3 175
1
66 30
0
1
68 134
1
55 105
3
51 1
76 45
46 172
2
9 145
16 146
1
69 93
0
2
40 35
62 41
0
0
1
73 176
0
5
72 9
8 46
90 67
91 76
43 148
3
59 96
31 165
65 169
3
84 29
86 116
60 182
0
0
1
49 156
2
74 9
78 44
0
0
4
25 33
81 100
94 119
38 182
4
41 38
36 114
75 156
80 191
0
1
30 17
0
4
41 105
37 134
53 136
80 178
2
11 13
53 120
0
4
72 30
47 52
5 85
52 141
2
76 5
19 136
1
16 140
1
20 75
3
100 14
57 166
81 181
2
9 82
14 123
2
96 27
31 114
0
2
99 103
68 142
1
30 63
1
55 23
3
2 106
28 143
42 163
2
30 0
35 97
3
15 63
65 90
82 187
0
1
99 73
0
1
5 68
1
64 0
3
8 2
13 40
19 174
3
19 39
89 57
96 193
2
59 40
42 179
1
68 83
3
42 65
71 116
18 144
1
89 194
2
44 42
50 69
1
57 149
3
66 11
99 30
55 35
3
76 50
46 74
4 105
0
3
37 88
65 112
18 195
6
69 10
96 64
4 133
12 137
97 145
25 151
2
9 20
62 195
2
56 65
16 109
4
41 7
38 121
29 135
45 172
0
4
35 83
18 150
4 177
28 188
0
3
47 41
51 133
82 147
1
20 113
2
60 50
75 83
3
92 36
22 82
93 105
7
33 12
92 76
89 97
33 98
21 185
66 187
21 191
1
97 121
0
3
37 42
68 168
81 187
2
68 110
29 194
6
6 62
16 65
32 75
30 137
89 139
20 159
0
1
46 102
3
69 25
38 74
100 120
0
3
3 73
4 155
8 188
3
54 35
71 66
100 133
2
100 53
96 110
2
92 43
67 71
3
100 87
21 128
45 180
4
14 75
82 89
7 113
25 161
1
59 182
5
23 114
45 120
4 122
50 155
2 197
3
61 64
86 114
27 132
5
3 48
72 60
32 84
80 119
4 132
1
21 101
1
86 71
1
10 176
1
46 181
1
71 27
1
45 183
3
77 96
100 152
92 197
0
2
66 9
10 118
2
94 12
88 194
2
28 36
45 193
2
78 64
88 182
2
78 118
42 157
3
73 160
45 166
58 199
2
66 65
65 146
2
82 30
90 132
1
59 146
4
45 7
54 74
22 86
41 162
1
16 108
3
8 21
4 40
49 166
3
12 150
47 187
44 197
4
77 69
13 86
22 113
27 174
3
92 77
51 135
15 169
0
0
2
36 33
67 132
2
70 28
74 188
0
3
38 4
97 98
37 180
4
1 33
78 68
75 145
36 197
2
93 29
28 140
2
71 82
73 171
1
25 61
3
60 49
65 57
97 83
2
59 140
45 154
2
42 72
73 139
1
52 17
1
35 175
5
6 43
12 54
48 107
61 154
51 189
1
31 104
3
42 4
34 111
55 157
5
37 78
29 112
95 157
9 169
29 177
2
61 35
86 82
2
39 122
66 195
3
9 29
18 131
25 172
0
3
9 9
22 22
48 195
0
4
91 40
79 43
50 61
88 65
1
92 106
2
36 57
31 72
2
5 6
38 68
3
62 63
76 123
45 194
1
29 18
2
10 99
26 153
2
8 71
67 165
2
37 50
65 84
1
95 181
200
2
12 150
49 183
