200
200
8
94 29
59 48
1 72
21 86
89 106
88 147
31 172
79 192
4
7 17
84 79
59 110
72 167
5
54 31
54 38
83 64
6 78
4 84
11
69 1
96 15
65 19
83 27
36 45
30 135
36 144
47 168
43 169
43 188
98 195
4
85 49
69 73
54 139
20 142
10
53 0
66 38
43 49
90 50
78 84
5 120
94 130
93 142
98 157
76 170
8
10 26
32 32
18 40
73 46
64 52
35 71
19 137
84 166
1
6 125
2
27 30
94 196
8
70 44
85 60
79 95
99 107
52 121
86 124
23 159
86 197
8
39 6
9 33
79 49
62 102
60 111
51 149
18 158
81 192
13
26 39
75 42
72 48
36 81
67 82
62 98
100 104
3 126
57 127
12 149
93 153
82 169
4 183
2
31 40
100 176
10
64 1
67 23
68 31
29 38
69 55
72 56
82 88
13 106
23 112
17 132
8
80 27
28 39
92 63
36 88
14 114
24 165
80 166
49 175
4
57 37
96 69
49 101
55 163
7
66 30
42 67
16 78
61 124
25 169
25 178
34 192
5
2 21
81 101
69 128
23 152
53 170
5
55 65
85 86
49 109
82 140
46 176
3
48 73
98 160
72 166
3
2 94
29 147
20 183
2
65 100
66 126
11
24 8
69 21
60 27
35 32
90 65
74 91
9 107
17 169
17 170
14 189
16 196
11
87 5
69 11
18 19
59 113
2 116
98 117
57 135
80 153
47 164
75 165
80 196
4
56 11
10 46
2 50
88 111
10
6 8
99 44
100 46
34 58
24 79
13 84
88 96
89 115
55 134
53 150
6
87 40
57 43
3 81
84 141
39 174
73 178
8
71 31
2 158
72 162
36 164
70 166
26 175
32 178
36 180
9
8 11
98 18
52 59
89 80
62 146
68 174
17 189
41 191
46 193
11
18 16
100 18
95 49
41 70
96 77
20 82
9 127
20 128
70 152
32 171
93 199
8
91 10
57 52
38 55
59 82
41 95
19 128
93 138
1 183
11
87 16
45 25
58 40
57 61
79 72
78 76
63 97
10 153
91 191
2 197
25 198
12
80 3
5 15
42 32
26 36
70 77
4 85
60 162
99 163
39 181
89 183
51 186
61 197
8
99 17
77 45
8 86
30 104
42 136
96 143
89 145
55 191
5
64 25
89 45
42 109
57 131
59 178
3
11 12
60 186
15 193
6
30 30
27 64
61 82
95 131
27 149
75 199
4
2 78
65 99
43 121
38 157
9
8 0
42 7
3 10
93 14
14 32
57 123
55 159
69 165
89 168
9
28 31
5 35
6 55
11 65
33 80
100 81
56 117
88 123
45 134
3
84 68
72 77
53 186
3
30 12
64 181
70 192
2
18 117
9 167
8
27 3
58 11
65 24
11 63
29 78
35 95
81 143
36 152
4
29 43
50 114
23 151
49 163
8
61 56
23 94
3 102
37 107
14 111
37 130
83 165
84 196
5
36 22
13 109
40 140
27 152
8 190
4
46 3
23 65
94 135
45 193
7
53 62
44 77
76 84
97 149
81 157
63 170
31 190
6
60 27
44 49
26 56
78 91
87 118
14 134
2
67 149
32 152
3
79 54
66 58
73 104
4
97 27
67 99
3 119
15 138
4
48 58
37 120
86 150
2 170
7
24 45
36 64
18 74
35 127
50 140
5 152
62 198
6
89 14
4 53
34 94
37 104
21 116
82 148
9
35 5
44 63
17 75
97 78
6 83
66 114
73 117
50 126
21 190
2
34 27
53 115
5
85 37
8 53
26 116
27 141
40 159
8
91 22
48 31
95 73
27 110
79 154
33 172
69 173
71 192
6
85 28
22 74
96 80
66 151
94 159
3 180
5
77 52
56 143
42 161
43 166
84 193
6
10 38
19 41
42 55
68 121
61 144
12 185
5
42 10
74 58
83 106
78 126
47 158
7
94 27
28 40
12 44
36 51
37 135
88 154
68 161
3
14 64
57 165
75 184
7
74 31
73 46
36 47
93 48
11 122
91 134
58 141
6
84 8
8 14
52 138
42 179
28 198
77 199
8
79 44
26 66
46 103
78 115
93 143
57 169
18 174
35 199
6
60 33
15 36
55 83
67 89
30 97
74 198
8
94 4
54 40
96 46
25 121
27 162
6 170
88 182
23 190
6
59 16
86 28
83 29
92 55
10 65
27 68
6
72 96
60 98
98 109
24 127
100 137
6 157
5
50 81
19 85
16 102
99 176
25 198
3
48 0
31 185
23 194
8
86 19
71 39
5 101
72 155
47 167
13 168
74 189
88 194
5
41 42
78 63
64 116
13 127
12 144
4
46 12
79 36
72 80
61 198
5
12 29
89 64
86 67
41 99
9 133
5
74 9
7 65
65 78
85 137
2 184
10
74 24
30 28
52 37
58 81
3 91
99 96
98 121
73 166
76 179
54 180
5
61 39
85 56
67 109
15 152
50 157
8
4 11
18 12
32 19
10 58
81 71
39 76
58 85
75 94
5
33 3
85 86
72 145
25 170
90 181
3
50 67
85 78
15 84
6
24 21
87 29
38 127
45 149
1 184
71 195
7
83 38
40 45
22 73
3 79
38 84
39 87
50 106
10
24 15
58 49
82 90
83 120
43 123
11 133
57 162
67 169
16 172
70 179
3
16 60
31 101
93 122
5
1 69
89 74
5 83
74 129
2 168
8
30 15
35 18
46 54
14 56
36 82
47 92
10 162
95 180
10
49 29
4 58
6 62
42 108
38 117
81 134
32 155
65 171
26 178
5 184
7
63 18
50 32
91 44
85 61
60 68
72 77
17 110
5
99 35
96 62
4 105
82 141
61 197
7
61 29
88 37
57 49
17 107
67 124
49 150
37 166
8
72 3
42 6
51 16
23 57
12 66
73 122
22 141
96 151
5
84 4
54 104
88 163
35 176
51 177
7
58 16
95 19
93 56
6 74
12 109
28 175
47 199
12
45 37
79 40
54 48
84 69
58 82
9 85
26 94
70 113
25 136
97 161
57 169
40 172
10
27 13
69 78
13 108
80 126
60 132
78 142
70 164
28 179
7 181
48 199
4
25 2
14 66
25 101
79 113
7
97 1
25 5
36 63
75 76
83 92
20 96
80 98
2
89 8
72 181
3
25 68
40 71
25 85
7
94 10
36 24
98 79
84 102
72 139
56 149
17 190
4
31 29
33 68
52 101
90 185
4
17 4
91 51
28 76
98 145
5
100 43
11 88
72 96
14 139
88 189
7
9 16
23 34
3 51
39 64
47 106
18 110
97 146
5
88 127
56 129
50 132
81 144
39 176
5
41 50
98 76
97 103
59 142
75 146
5
47 10
56 81
19 132
15 136
62 198
6
94 60
58 84
44 140
65 147
42 160
42 192
4
89 32
52 40
36 147
61 151
7
24 24
20 26
41 39
51 111
92 162
28 166
21 179
5
65 11
81 18
12 51
52 82
69 149
10
78 1
5 17
82 26
37 60
99 103
72 125
13 135
62 161
40 177
20 193
4
97 70
44 111
49 172
95 190
3
98 34
52 64
81 138
3
60 27
16 44
39 158
9
54 0
17 19
74 36
95 86
41 127
73 130
18 167
27 183
23 193
6
98 20
7 52
13 66
13 91
20 106
86 121
8
69 19
25 23
83 51
40 58
80 62
95 78
100 113
80 155
2
1 5
66 52
6
36 17
53 18
39 20
61 41
10 81
41 179
6
79 36
73 53
45 60
45 97
28 104
7 137
8
61 26
14 32
74 43
29 99
92 107
64 128
46 177
7 194
5
31 14
56 50
31 62
63 183
43 191
9
37 26
55 31
94 51
85 120
94 121
85 131
84 141
57 149
12 174
8
31 65
75 120
92 122
25 134
98 143
49 175
90 180
30 194
6
24 0
24 16
72 19
35 79
92 152
85 175
2
51 137
75 161
5
83 32
53 47
28 90
17 131
5 134
3
57 105
63 149
46 169
8
65 7
97 12
74 29
73 110
47 126
99 139
95 157
56 160
4
29 32
89 54
44 154
57 171
3
17 72
100 114
29 150
7
48 27
20 48
91 104
1 144
61 146
93 165
31 185
5
13 17
16 70
39 144
72 154
65 159
2
36 36
8 180
9
27 49
39 58
52 65
24 68
25 69
63 75
12 145
39 165
95 169
6
94 4
64 111
88 116
91 127
4 135
91 179
9
49 0
75 15
44 24
28 75
69 82
57 84
44 85
27 145
51 174
6
50 16
71 20
62 58
63 90
74 109
61 167
6
27 33
13 71
61 96
19 115
38 187
7 188
4
69 64
100 99
51 156
16 176
8
40 51
42 62
85 112
45 119
8 168
74 183
94 195
14 197
6
40 51
64 93
71 140
93 141
34 168
24 177
3
8 31
25 63
47 110
9
54 30
87 32
32 51
69 60
76 95
87 146
5 154
51 190
41 193
3
38 43
77 93
61 186
10
45 26
33 37
72 85
36 104
88 113
88 121
5 134
6 165
90 185
26 194
3
27 39
2 106
58 145
7
60 10
32 77
12 79
62 119
94 165
83 176
43 191
9
84 22
55 61
37 64
4 106
90 118
39 121
86 137
95 155
62 176
11
26 5
26 29
50 58
88 69
14 72
16 85
12 100
96 136
33 170
1 172
19 182
8
26 47
81 65
74 89
33 136
49 159
86 184
38 185
71 199
4
68 62
47 94
20 162
18 193
5
7 35
47 64
40 73
25 114
65 117
3
65 32
96 40
11 140
2
86 10
29 132
5
68 68
36 73
51 101
29 121
100 186
8
10 1
48 72
69 75
34 79
82 97
86 122
38 140
30 144
5
62 66
8 87
60 95
79 107
77 139
6
8 43
68 78
47 80
72 105
93 157
20 164
11
18 66
93 73
74 83
71 94
20 97
16 105
94 126
75 127
45 165
93 180
3 185
1
84 75
3
22 6
84 25
95 141
6
96 0
72 10
26 105
50 123
4 175
50 182
7
63 23
81 44
4 45
60 69
81 140
96 196
71 199
5
63 45
45 48
82 69
74 117
55 121
4
52 54
21 62
6 175
45 182
10
52 2
98 15
84 19
69 21
17 48
88 60
92 94
29 153
77 172
18 178
5
89 17
39 36
16 117
63 125
13 192
6
18 3
18 32
91 70
92 82
75 150
100 167
5
100 18
30 28
20 105
65 126
95 134
4
38 10
67 25
63 30
38 120
11
43 23
19 53
98 56
48 92
51 149
35 151
50 164
2 165
32 176
14 184
8 194
8
69 39
90 50
82 66
46 89
22 161
72 166
35 184
49 197
10
77 7
38 28
75 45
20 63
19 87
76 114
18 146
6 155
4 160
85 182
5
85 20
84 69
98 76
97 113
86 191
1
44 168
5
61 29
66 55
63 58
47 130
84 185
8
17 11
27 22
41 92
31 99
80 118
82 123
82 134
83 166
5
33 32
91 73
83 94
62 119
29 143
9
20 34
1 41
37 43
65 49
66 96
15 133
3 146
9 160
48 190
6
43 87
80 90
41 121
79 143
65 181
12 182
3
15 18
80 29
9 138
5
37 52
98 79
92 92
36 94
95 140
4
14 6
31 26
78 170
64 186
7
85 10
49 14
75 42
69 106
24 132
61 134
82 188
3
34 40
56 64
56 165
5
24 65
95 82
59 152
73 160
13 183
8
73 28
30 31
41 46
62 69
24 74
80 160
31 162
29 163
5
36 43
82 67
22 116
53 175
4 184
7
29 7
95 13
100 30
27 52
26 53
21 124
47 198
1
56 131
8
58 50
83 75
94 108
98 133
57 153
75 164
30 187
93 188
3
92 36
70 82
54 185
8
44 26
91 28
92 49
34 98
97 111
43 136
78 142
41 188
200
6
13 19
69 89
84 97
12 195
96 196
66 199
