200
200
9
100 40
54 42
48 61
36 78
52 128
38 147
41 149
27 153
36 172
9
48 18
11 32
57 46
71 66
34 103
22 121
61 148
91 159
21 161
4
82 6
13 21
89 148
19 196
7
61 10
92 57
14 82
43 137
36 156
100 184
68 192
10
43 14
95 19
58 28
76 33
58 42
25 49
34 76
4 85
88 129
60 197
12
55 19
79 37
42 57
90 71
25 74
57 91
12 97
66 102
6 106
51 163
96 166
68 196
6
5 9
37 44
50 51
79 122
59 123
71 185
7
96 11
11 22
40 122
72 141
95 153
58 157
60 183
11
39 2
94 8
39 34
23 40
92 72
63 74
36 117
64 138
51 165
56 189
67 190
5
29 44
63 68
18 164
24 171
68 182
12
96 11
68 28
45 70
25 73
23 97
67 104
98 106
9 144
17 167
2 184
4 188
71 193
8
5 36
73 44
89 46
42 47
62 53
84 104
1 124
7 158
6
5 79
92 90
15 109
75 132
100 151
4 179
6
74 131
14 135
14 156
87 169
44 184
28 195
8
99 7
3 52
90 72
30 86
53 90
20 109
87 150
25 183
9
85 29
98 39
3 49
59 54
38 71
2 108
42 114
34 148
10 156
4
74 44
6 55
86 114
14 186
10
12 21
13 54
64 60
11 61
79 104
55 109
35 168
85 174
19 177
61 197
8
90 23
75 27
50 90
21 138
8 148
74 159
48 173
18 176
6
31 21
57 62
90 72
32 85
66 141
87 162
15
26 9
12 16
66 29
73 44
20 45
38 53
56 65
40 92
17 93
8 113
38 122
50 123
89 175
94 177
32 199
9
58 10
8 29
37 40
98 71
27 83
9 103
79 155
65 157
65 187
7
45 8
56 16
10 17
99 51
42 72
90 93
67 123
9
84 30
79 45
48 58
35 62
59 69
87 74
37 140
65 162
6 184
3
6 110
38 181
27 199
8
65 12
63 46
21 83
96 104
66 126
77 146
34 156
21 197
9
88 13
75 60
79 70
83 73
72 94
9 99
44 122
94 131
11 134
4
17 38
13 51
26 98
96 113
8
52 4
61 23
53 93
100 112
35 123
61 131
13 163
96 187
6
34 36
57 44
2 45
1 132
6 144
24 183
5
26 23
4 33
78 106
17 115
2 178
14
71 1
70 22
55 25
88 32
89 36
86 47
41 57
44 58
42 67
77 84
3 129
48 160
16 178
52 191
5
72 9
95 10
63 92
62 137
40 183
5
59 67
22 83
9 127
68 143
44 186
7
59 16
14 89
5 92
48 98
48 114
83 115
70 189
15
3 18
63 27
1 33
12 37
91 47
23 49
54 57
68 66
19 93
52 97
5 110
88 112
48 120
94 162
66 194
8
30 1
2 23
83 60
100 78
91 86
52 111
56 194
39 195
13
68 25
42 55
28 58
35 83
99 87
38 95
70 113
28 142
94 153
38 155
48 159
9 164
93 198
6
4 13
2 58
68 73
46 144
53 173
10 190
13
35 6
25 9
57 14
41 27
46 31
74 35
39 56
3 66
4 81
89 99
95 122
42 133
49 165
5
88 15
60 45
27 129
46 143
68 197
10
40 10
55 33
42 84
62 85
51 88
27 112
72 135
32 140
55 171
62 195
5
48 33
74 51
32 53
41 121
63 127
10
12 15
31 23
28 39
77 67
5 87
51 107
36 133
68 137
16 193
37 195
13
83 20
13 26
48 36
35 123
72 126
50 127
73 141
44 145
72 149
98 154
32 165
80 166
37 183
5
7 14
45 44
17 58
48 59
58 182
9
53 3
28 11
35 59
59 64
2 80
82 89
91 96
7 180
70 183
8
86 12
26 25
93 30
56 67
69 93
77 94
97 125
93 177
9
54 8
4 13
55 35
18 43
52 55
12 75
95 135
34 139
12 175
8
42 48
26 55
63 72
38 115
61 140
66 143
26 146
54 160
11
61 59
61 73
53 74
57 75
19 85
23 88
38 92
55 103
31 124
84 158
62 160
9
6 42
28 61
5 63
75 65
58 69
82 125
12 163
83 173
78 196
5
98 155
11 162
60 164
64 174
45 194
8
99 0
87 7
8 23
21 33
76 61
19 123
84 134
57 153
10
87 7
24 19
98 56
30 57
96 85
38 100
61 122
40 135
1 150
59 162
7
15 14
6 55
41 72
67 124
35 154
22 176
52 180
6
86 66
37 67
83 76
79 118
14 144
54 184
5
4 4
68 38
39 68
90 84
37 90
7
85 27
68 79
15 146
48 152
87 177
30 191
95 194
9
9 42
75 52
48 56
21 58
83 112
40 113
2 162
49 169
21 191
5
42 5
7 96
93 131
55 181
69 190
17
15 13
80 17
44 20
2 46
100 55
25 63
11 67
40 77
8 86
100 89
9 122
33 133
56 136
69 155
59 160
32 189
44 191
9
56 13
22 30
57 87
60 88
54 108
88 140
85 147
61 157
49 167
11
96 10
52 33
27 52
94 65
28 77
42 92
71 101
21 112
38 136
76 166
69 195
8
20 42
34 54
27 58
56 110
77 131
2 154
90 160
96 173
7
28 40
13 67
27 80
56 124
14 165
74 172
72 193
8
51 40
45 57
99 61
55 65
70 66
17 124
38 153
80 160
14
82 23
45 34
7 43
19 53
79 72
35 85
12 99
95 101
5 125
59 152
39 163
23 188
86 189
19 191
7
32 101
32 128
84 136
70 141
62 143
60 169
100 181
9
39 16
10 49
84 50
93 60
75 78
70 106
20 108
12 132
33 172
6
1 97
87 127
64 138
4 147
91 186
44 196
5
58 16
96 24
7 27
4 52
81 128
9
19 11
12 70
67 103
56 108
19 116
39 134
57 135
65 176
6 181
6
8 6
83 54
45 59
49 74
17 173
88 174
9
33 2
10 34
82 99
91 102
6 103
92 115
31 128
13 186
7 190
8
60 19
36 52
7 69
9 76
47 103
20 118
20 175
33 183
4
44 7
96 46
67 153
99 185
9
42 20
82 26
4 69
91 77
22 84
31 140
47 153
95 156
31 181
7
59 0
85 2
15 70
25 93
79 106
49 134
52 178
8
28 24
98 32
23 44
48 121
86 135
62 166
68 173
86 187
9
93 13
85 24
57 40
49 53
25 64
39 65
75 66
48 93
39 119
6
22 7
42 67
57 155
89 179
60 193
41 196
9
11 1
68 26
22 64
89 120
67 126
54 131
34 164
79 165
24 184
7
47 6
71 11
51 64
50 70
90 135
92 144
44 169
12
98 3
21 29
56 80
17 96
12 116
34 120
99 128
42 132
3 147
49 149
77 164
44 187
6
9 5
70 130
12 157
78 175
34 184
90 198
10
88 2
80 7
52 9
57 44
5 54
36 124
50 143
95 151
79 154
45 162
15
96 2
73 7
8 16
95 48
44 134
67 142
18 146
92 161
91 166
62 176
15 177
25 181
49 182
39 183
16 199
11
97 24
65 39
73 44
9 81
8 88
25 96
82 128
18 170
42 175
24 177
15 193
10
38 6
9 18
2 21
66 54
69 64
98 105
60 132
9 149
56 177
93 195
10
42 19
72 24
100 35
81 76
27 79
64 82
25 95
57 119
100 164
83 175
9
23 13
85 21
71 31
80 70
51 105
2 107
75 135
58 158
26 193
8
83 41
34 56
31 64
53 71
14 79
77 122
48 141
15 144
12
56 2
99 9
98 16
84 23
69 38
23 41
64 119
81 126
89 135
55 136
65 156
79 187
10
86 3
1 8
35 21
27 58
24 74
41 93
23 112
51 151
25 166
14 182
6
43 90
4 92
83 134
71 145
39 162
62 190
10
47 19
94 22
1 35
6 45
74 52
92 57
38 64
84 67
81 71
33 137
9
14 20
14 52
83 79
54 98
90 108
2 123
1 164
76 178
45 196
7
68 13
67 27
72 32
72 40
30 105
36 124
99 192
9
26 22
21 36
92 51
19 85
40 100
25 102
4 115
77 161
79 188
8
93 31
16 74
91 76
54 129
77 169
40 183
71 184
35 195
9
77 7
79 12
85 64
97 89
5 122
93 123
61 169
40 187
54 189
8
90 48
38 56
37 76
58 78
50 144
10 146
30 154
63 178
7
72 68
29 98
79 143
27 144
67 153
8 173
67 192
10
70 42
22 43
37 85
2 123
13 127
45 161
44 169
35 181
34 185
84 195
5
19 44
11 103
79 119
81 154
70 172
5
95 9
50 62
6 147
23 164
47 176
6
3 19
70 46
71 54
8 120
48 143
74 145
7
27 15
71 25
48 47
52 106
76 139
95 147
18 150
8
59 0
22 49
41 70
28 83
92 100
47 125
19 155
31 162
4
40 56
30 83
79 120
33 169
8
15 23
81 25
95 55
72 77
20 87
89 110
57 124
6 179
5
39 39
36 46
71 95
14 156
92 195
7
21 5
1 60
15 75
44 141
31 152
20 159
48 180
5
70 118
58 137
67 142
84 171
16 193
8
91 7
94 30
68 44
66 58
82 91
15 105
25 127
2 180
9
57 3
61 9
24 19
13 114
53 120
65 122
62 135
33 136
34 170
10
43 44
5 84
28 100
51 141
26 142
27 147
30 167
96 179
81 182
18 196
10
99 0
33 16
93 18
29 53
97 144
35 154
51 158
11 172
75 175
45 180
12
98 13
82 43
55 48
52 49
62 57
96 76
60 92
4 98
75 119
92 162
63 183
1 185
10
7 7
85 8
36 11
59 28
63 78
77 91
24 94
47 95
57 129
69 192
10
79 8
6 36
71 43
44 47
93 52
88 63
81 100
48 154
13 160
9 194
10
69 0
95 16
24 67
38 87
13 98
68 100
58 126
19 136
15 146
54 166
8
52 27
31 53
86 78
52 84
34 115
87 154
3 196
73 197
9
84 10
48 60
32 88
51 103
84 108
48 119
5 125
13 172
77 177
7
29 25
96 55
99 74
61 87
76 129
71 146
2 189
9
87 12
73 18
66 43
54 44
19 72
80 82
62 120
64 191
75 198
7
58 5
50 10
28 28
75 109
9 115
39 165
9 177
11
2 1
53 16
18 22
3 25
56 26
66 44
36 62
59 66
24 78
91 136
9 185
7
2 41
49 63
42 104
39 135
30 155
81 156
16 167
9
18 2
49 37
9 38
85 49
19 61
56 73
70 74
62 86
78 106
5
28 4
46 14
26 55
58 133
32 142
10
99 2
58 15
70 16
29 29
97 39
35 46
98 68
47 171
19 185
77 190
6
13 47
14 54
5 59
27 103
22 105
100 165
8
15 0
88 2
38 12
78 64
15 65
43 151
24 172
65 176
11
99 13
36 26
76 40
96 109
90 119
11 141
54 152
33 153
32 165
77 166
33 185
10
89 3
29 48
94 59
15 87
71 90
15 107
69 114
82 167
12 171
60 193
9
61 4
77 9
32 23
29 89
24 91
44 93
58 97
60 107
33 143
9
3 0
21 4
30 12
23 56
74 87
63 110
1 156
58 176
27 178
7
94 25
50 29
9 49
73 113
85 160
93 164
10 184
8
23 21
2 25
98 43
9 53
90 137
23 156
32 183
85 199
5
26 11
80 14
5 72
1 110
56 188
11
3 5
85 6
78 75
88 90
80 91
50 97
21 104
60 139
44 186
87 187
33 194
10
78 10
28 25
43 31
57 40
52 59
32 102
63 104
64 149
88 166
65 181
7
69 8
49 48
52 69
92 76
84 119
47 124
97 163
10
66 29
67 33
84 64
76 75
29 76
48 172
55 174
47 185
35 194
46 196
4
71 30
92 46
40 71
88 169
7
22 1
30 83
18 90
22 115
58 124
40 142
15 159
13
11 2
37 27
21 69
96 71
70 90
5 102
44 126
48 130
68 145
84 146
76 163
13 173
76 178
5
60 4
75 12
23 56
99 114
78 178
6
32 34
33 54
15 74
10 95
71 173
73 185
7
73 12
24 60
35 82
37 149
3 168
46 174
4 186
7
37 35
97 52
38 80
21 135
71 152
70 153
4 174
12
37 0
74 18
56 35
60 37
83 45
60 88
50 97
70 121
31 144
93 169
57 183
81 189
6
26 6
59 38
55 133
66 149
19 151
76 181
7
60 12
64 34
94 37
71 64
79 66
64 99
58 143
7
8 19
89 39
28 48
73 114
35 116
98 161
32 188
9
37 29
100 48
42 69
90 104
79 107
54 122
54 126
89 132
100 174
11
80 14
8 27
2 56
10 77
99 86
40 109
13 141
13 183
11 184
71 187
22 189
7
98 7
8 50
27 54
47 131
40 137
18 150
52 198
14
70 5
97 12
94 38
48 41
13 49
93 84
28 92
84 98
63 100
70 124
5 137
47 179
54 180
61 192
13
62 1
75 14
56 15
98 39
10 43
56 52
52 68
8 73
55 85
87 108
21 109
75 133
67 161
8
50 3
2 40
98 54
14 97
100 108
45 135
87 165
61 195
5
2 0
94 74
61 83
66 130
40 137
4
93 86
48 116
3 143
49 178
8
28 26
83 90
56 111
47 155
89 156
39 158
88 167
91 173
10
62 27
76 29
72 30
95 48
24 82
69 109
69 123
8 138
64 139
10 183
8
38 5
67 45
37 71
31 72
75 92
12 122
85 152
23 183
9
5 14
59 22
32 63
69 90
57 104
87 136
66 178
43 181
67 196
3
71 38
83 81
75 171
5
91 23
54 68
90 95
42 112
98 175
6
2 1
51 26
41 39
78 80
24 127
53 149
10
52 7
85 21
63 54
81 55
69 112
13 122
47 141
67 163
43 178
12 195
5
30 32
89 34
20 39
79 110
87 137
8
64 15
43 16
6 40
60 46
54 72
23 73
35 185
47 192
9
10 10
66 25
70 48
19 71
10 84
34 96
6 108
81 129
16 157
5
40 19
94 41
84 63
78 83
38 131
9
10 11
2 51
53 91
83 118
31 127
91 159
33 173
25 182
65 199
5
54 18
5 39
49 126
98 133
72 145
13
10 2
96 9
60 15
85 19
14 27
2 40
86 49
47 87
67 94
63 95
59 151
67 152
17 176
6
63 80
8 102
68 112
60 123
3 127
12 172
9
83 60
41 80
5 109
13 110
34 123
74 143
1 154
5 155
29 197
9
92 94
25 124
77 141
23 148
96 158
80 164
49 173
74 183
78 196
5
69 71
31 96
23 162
62 165
23 178
5
75 54
47 108
70 144
11 182
47 190
5
56 41
88 56
96 150
5 167
18 172
9
63 19
9 48
19 95
79 167
7 172
26 181
32 195
76 196
40 199
7
25 15
35 17
88 22
50 61
4 83
9 92
40 119
0
4
9 1
93 25
78 97
10 122
3
52 131
13 145
4 151
4
3 112
53 135
58 141
29 178
9
14 19
17 69
51 70
80 76
86 89
59 119
10 124
96 139
43 161
4
54 22
37 138
64 144
75 157
11
91 12
63 28
59 34
8 44
39 65
82 66
46 71
18 94
54 109
17 119
52 154
8
63 35
38 36
15 46
40 72
60 93
11 98
50 109
55 144
5
69 47
54 76
5 99
70 143
40 179
6
37 73
59 82
94 103
53 122
56 139
64 182
8
73 23
75 34
50 46
54 66
8 85
48 107
8 119
86 120
8
40 16
26 48
75 84
9 125
97 147
96 162
85 186
4 193
200
8
89 10
93 13
97 91
77 95
15 130
30 139
51 156
5 159
