200
200
15
22 1
67 7
98 31
1 33
45 45
76 63
51 70
22 84
37 86
78 104
67 105
43 118
23 132
33 142
55 164
20
93 1
93 8
85 10
65 18
34 22
79 23
52 25
23 27
23 43
96 53
6 70
22 75
96 79
17 90
60 91
63 103
41 117
57 135
100 167
80 184
15
75 6
75 18
88 55
9 73
58 94
56 102
13 108
2 126
56 129
72 135
62 139
4 173
47 180
36 182
69 192
18
20 16
20 25
47 29
39 30
96 44
65 64
29 74
41 82
82 88
81 103
59 116
47 123
7 130
82 142
68 144
71 175
71 188
77 193
24
13 4
65 8
100 11
84 15
39 17
97 37
87 41
45 47
56 48
28 55
20 66
14 95
7 126
70 128
87 132
73 136
34 143
43 150
91 154
31 157
45 166
11 175
69 177
24 180
13
78 13
9 19
13 27
17 61
22 90
9 99
85 111
15 124
99 127
73 141
78 149
49 169
65 178
20
47 13
12 16
21 21
67 32
35 44
79 55
94 57
94 61
93 77
62 89
85 96
36 97
74 113
39 123
67 127
47 139
33 146
56 158
78 182
99 193
23
16 0
50 2
84 8
87 12
31 16
63 32
40 34
14 43
25 54
48 65
40 71
24 85
73 98
80 99
89 104
7 133
52 134
80 147
43 149
35 172
11 177
84 186
63 197
16
23 35
60 54
32 61
13 66
81 69
30 84
20 108
71 125
100 144
37 149
71 152
25 156
85 176
81 178
76 190
50 194
14
96 13
92 20
5 33
60 41
62 58
34 61
89 75
13 79
35 111
34 124
42 142
15 148
79 177
49 181
13
53 33
14 41
41 70
40 72
89 111
28 120
22 126
29 128
83 155
66 165
83 171
15 172
64 176
21
82 14
92 23
46 25
35 32
8 39
73 40
5 42
83 49
9 72
14 78
20 88
59 99
36 100
30 118
24 133
33 136
31 168
87 171
92 178
78 179
89 195
15
93 26
19 32
81 39
48 49
98 59
65 77
61 83
38 125
50 152
86 153
54 165
94 180
36 182
36 193
41 194
21
12 0
38 11
53 13
91 16
64 27
83 33
52 57
49 66
76 81
74 96
85 98
48 108
93 114
41 116
23 130
11 133
95 136
100 138
26 144
10 164
93 171
13
82 4
79 7
51 31
6 75
81 76
68 100
23 101
41 108
100 157
87 159
4 166
66 167
75 188
13
8 0
85 25
90 26
69 31
91 52
39 68
71 80
21 83
64 84
15 118
31 129
71 138
66 183
16
78 10
73 12
13 30
22 34
6 40
64 48
2 49
96 56
77 57
28 65
67 136
26 147
90 148
88 172
59 194
11 196
10
21 48
66 83
70 89
83 149
68 153
87 165
6 169
53 170
98 181
77 199
17
54 5
20 6
41 16
93 17
7 23
99 42
34 81
96 82
65 83
22 117
96 135
24 150
63 163
35 164
22 166
88 177
6 182
22
32 3
12 4
45 8
47 30
67 36
5 41
95 47
74 49
40 70
60 73
4 75
89 78
94 117
77 124
92 146
24 154
97 160
80 178
72 182
96 191
64 193
89 195
18
95 13
47 16
13 23
55 29
77 41
48 43
79 44
99 80
20 86
84 101
31 112
87 137
73 141
29 149
10 158
27 166
12 171
76 177
15
95 16
46 25
96 37
44 38
4 43
74 45
41 47
29 88
94 114
95 119
74 120
36 122
34 152
24 184
36 196
13
48 2
81 10
100 42
99 60
4 75
34 83
17 87
87 95
38 127
35 139
63 158
97 174
53 190
12
23 8
29 22
21 28
2 57
88 59
15 61
79 88
64 106
73 130
55 132
31 182
44 192
20
39 1
81 10
74 18
26 20
11 30
65 36
14 65
80 77
76 97
14 100
96 105
53 121
100 126
10 178
6 179
60 182
5 183
89 185
9 190
13 195
16
93 34
83 66
22 85
21 91
21 107
5 111
39 128
43 139
18 140
84 150
82 159
18 168
75 175
91 192
86 196
15 197
20
73 7
40 17
81 22
63 23
62 44
69 60
66 68
35 76
47 92
63 96
77 106
87 112
69 116
14 129
4 134
30 159
94 162
9 176
85 177
50 178
18
18 0
50 7
44 34
93 36
68 50
18 51
61 58
5 66
59 69
74 78
42 99
67 102
34 135
25 142
70 169
72 178
45 180
47 183
15
10 5
41 6
76 25
94 28
99 29
42 53
6 85
30 115
48 118
3 121
99 125
88 129
63 176
88 187
33 188
17
21 8
23 14
14 41
66 45
27 59
59 60
53 119
16 135
76 139
64 144
16 153
91 155
15 160
51 163
69 165
56 169
95 198
16
16 6
17 8
54 19
66 22
23 28
92 46
66 48
61 70
69 73
74 80
61 81
23 89
65 129
59 134
20 142
4 190
20
2 14
25 28
65 31
81 35
51 36
70 37
82 38
83 55
29 60
67 109
31 116
63 119
27 124
56 126
88 128
51 145
50 166
12 171
29 175
16 185
16
6 7
23 29
58 31
74 38
13 57
84 102
50 108
46 132
8 138
19 153
26 158
61 159
50 167
88 187
9 195
40 196
14
53 9
19 33
39 34
11 35
77 58
67 59
10 62
34 72
70 78
6 90
11 91
35 98
67 129
18 182
8
30 16
28 17
19 35
63 94
97 111
42 145
63 174
12 178
27
89 1
97 3
67 8
21 10
96 14
47 15
40 19
64 24
88 25
86 27
80 33
89 37
53 40
14 43
19 48
1 65
74 66
5 72
39 78
1 147
38 151
64 155
65 168
93 176
10 187
22 189
15 196
16
84 3
95 34
77 46
89 55
73 58
59 75
93 112
26 142
21 144
56 153
86 159
15 160
93 174
44 175
99 181
10 184
11
82 4
100 11
26 112
40 117
9 120
24 128
22 134
76 141
100 159
4 170
9 184
15
67 8
5 31
60 43
27 53
67 56
4 61
9 82
74 87
33 91
80 94
84 114
99 127
78 132
47 177
39 185
18
5 9
25 11
94 29
21 45
94 57
11 74
20 76
89 89
66 94
78 98
64 119
61 144
80 164
59 166
40 167
96 175
25 195
71 199
15
39 15
79 25
36 27
10 29
62 45
65 57
64 64
36 84
24 93
13 103
22 106
20 109
76 151
60 155
91 161
18
85 10
26 11
69 16
7 20
86 28
44 39
8 77
19 85
17 113
46 121
28 131
52 152
72 155
47 157
97 163
12 166
44 184
1 186
23
16 10
78 11
27 14
41 18
83 24
19 26
30 33
8 40
25 53
75 57
22 63
100 68
50 75
7 96
64 106
67 107
15 121
46 154
64 158
97 169
68 175
78 187
31 189
16
24 7
7 17
98 18
46 26
92 33
22 37
7 68
22 81
64 114
52 116
69 137
29 151
94 156
33 164
5 169
19 179
12
87 47
25 54
8 57
23 73
94 79
49 93
99 122
93 140
67 162
86 169
7 179
65 187
19
69 5
76 7
93 24
25 39
63 55
9 60
34 65
91 84
68 88
93 108
63 111
25 124
83 131
9 134
58 138
65 151
96 152
69 155
80 197
16
22 3
31 12
64 23
59 38
98 63
38 66
50 70
41 128
64 140
35 154
49 156
84 174
20 175
42 179
39 183
92 191
15
35 9
16 12
66 18
16 43
67 45
87 46
16 70
34 76
57 79
61 82
74 92
36 110
39 123
58 150
54 175
13
29 1
30 28
27 35
94 36
66 58
79 60
20 108
32 131
47 134
4 137
85 141
79 186
82 195
16
86 4
70 5
65 21
17 35
82 39
13 59
60 68
98 72
70 84
59 90
54 95
77 99
9 132
11 154
77 168
24 169
14
53 9
34 27
93 30
92 32
60 47
54 66
30 85
38 90
78 122
85 144
9 179
53 193
66 195
72 199
19
67 5
16 10
21 12
9 17
62 49
4 57
76 61
19 63
17 89
6 95
47 110
28 115
87 129
70 133
98 138
94 140
19 150
31 167
38 184
22
36 0
76 7
29 21
44 28
17 40
93 44
59 50
61 57
71 82
21 87
51 94
71 108
22 112
8 114
52 155
12 159
76 160
89 171
46 173
99 176
24 180
28 194
21
41 0
35 23
99 24
68 28
54 29
4 49
22 61
23 63
63 66
82 77
73 81
29 87
57 111
5 124
9 132
41 139
14 153
95 167
89 179
100 188
69 195
11
83 54
58 56
62 66
86 86
41 100
47 112
52 113
55 136
79 181
95 186
97 188
11
49 20
54 23
12 63
82 65
71 69
64 87
83 115
17 120
45 151
40 161
92 176
18
91 27
100 47
26 83
33 85
76 91
77 101
54 103
38 105
17 115
94 129
23 132
2 152
28 157
74 158
66 160
64 169
42 176
77 182
18
22 1
31 5
62 10
71 12
99 34
36 44
40 77
67 79
12 96
23 103
83 112
10 128
91 144
39 160
89 169
42 172
60 173
86 181
14
87 5
78 14
41 35
87 46
51 70
3 86
59 91
95 93
40 103
74 107
9 123
19 162
49 178
57 190
15
4 24
59 43
35 46
35 62
63 68
5 73
48 92
19 97
21 113
94 130
48 136
37 149
87 150
34 180
91 186
19
40 4
100 25
92 40
41 42
30 45
4 56
66 68
58 73
30 101
20 102
98 103
16 119
36 127
25 143
82 145
83 159
64 169
23 177
87 188
19
86 3
75 8
64 15
24 24
31 26
1 30
72 34
51 51
58 52
83 53
11 57
4 58
47 86
26 94
90 106
10 117
49 125
88 139
7 191
10
12 70
46 80
12 88
53 94
82 106
36 124
35 172
83 187
99 198
72 199
15
87 1
14 21
3 68
18 90
89 93
46 105
85 111
14 136
62 143
95 147
85 149
88 153
32 168
66 191
74 197
10
39 13
57 20
78 30
86 45
29 71
53 81
43 96
75 139
66 153
20 159
12
80 11
46 74
93 108
87 131
25 132
59 141
73 144
83 157
66 162
38 163
25 166
25 187
16
11 1
9 5
29 9
46 11
66 16
33 38
23 50
92 70
44 97
81 99
100 117
80 132
51 134
85 135
74 169
87 181
17
82 12
35 24
24 30
28 33
80 47
74 54
9 104
45 109
19 111
8 127
80 132
88 147
59 151
17 154
4 176
16 186
71 197
17
97 13
35 25
89 34
79 40
80 46
79 62
54 64
18 91
92 99
50 105
13 121
36 137
63 143
20 148
61 162
66 180
69 195
12
27 20
46 21
2 66
28 74
95 80
18 81
66 85
7 105
61 130
93 170
90 195
19 197
12
49 9
15 18
77 22
35 60
29 64
63 82
46 104
41 113
93 120
80 127
30 166
95 188
19
44 6
26 10
62 11
14 12
90 18
86 19
34 39
1 40
29 49
69 71
72 81
6 114
13 120
64 138
86 146
80 150
68 152
88 190
57 191
15
66 5
52 28
75 39
92 71
31 76
17 80
58 109
72 116
1 119
75 139
85 145
30 148
91 156
45 179
19 195
18
94 2
46 3
98 4
30 25
51 27
77 46
57 57
16 66
86 73
40 99
59 102
26 117
1 123
18 127
22 143
30 171
2 175
91 176
10
55 39
79 47
12 69
79 95
76 106
30 131
60 134
98 161
1 169
1 173
12
70 19
16 33
97 63
72 66
72 114
82 149
14 155
12 159
98 183
57 185
58 196
27 199
10
6 7
8 53
74 81
96 89
65 108
83 146
18 153
8 191
92 194
6 196
16
76 13
53 36
70 39
67 62
94 71
100 74
60 104
5 120
73 125
70 126
38 129
23 135
23 137
16 140
28 155
30 162
14
80 5
47 9
72 33
85 59
24 71
49 83
95 86
38 99
69 144
43 159
33 160
34 173
53 181
94 186
16
31 11
6 15
90 19
12 50
75 52
77 79
53 98
59 104
99 122
18 127
7 133
51 143
90 177
20 180
99 190
86 192
13
29 4
88 19
66 27
1 36
95 38
34 43
92 44
72 57
14 60
53 94
57 130
33 160
25 182
17
53 35
60 43
18 58
19 64
20 67
24 78
100 88
24 93
67 105
64 107
12 110
70 112
48 131
47 149
53 150
88 190
76 192
24
97 6
45 15
28 17
72 24
59 40
29 44
22 67
16 83
4 98
80 100
11 115
42 124
51 140
19 151
81 154
5 158
83 161
50 166
75 171
62 172
31 174
20 177
26 191
78 197
19
69 2
2 29
78 34
45 35
30 42
59 47
67 48
51 52
26 58
97 66
42 94
92 125
6 145
43 167
8 169
55 175
89 177
15 184
14 195
24
93 2
91 19
66 23
75 31
28 32
2 60
24 71
14 72
1 76
67 79
22 80
2 88
79 102
23 106
18 117
4 118
84 119
31 122
84 125
7 134
43 139
38 149
8 178
55 189
15
96 7
52 20
34 47
2 73
15 78
48 80
9 85
4 91
71 96
61 102
40 114
16 137
93 156
24 167
88 195
15
91 30
98 44
34 50
23 72
95 75
2 98
27 118
21 122
22 130
34 133
13 143
16 144
48 149
21 151
49 171
15
65 7
47 15
24 17
71 58
85 78
21 94
28 112
100 133
16 136
9 138
96 142
95 163
29 167
27 189
62 198
17
4 19
62 27
20 28
26 36
44 41
14 50
7 53
70 86
53 91
7 96
15 103
54 139
65 140
100 151
22 184
24 193
25 199
12
68 8
43 48
47 60
19 64
66 70
73 85
16 99
33 103
79 122
36 153
42 154
14 170
13
94 19
74 54
19 56
65 83
39 90
14 96
81 100
68 112
77 125
24 148
53 155
7 159
13 187
11
86 2
6 9
67 29
53 34
97 131
69 138
87 160
66 176
96 179
93 186
73 197
17
40 5
45 12
78 46
16 50
61 70
67 78
80 81
33 104
43 109
90 118
16 119
27 129
24 148
48 154
25 167
29 170
31 181
16
74 6
61 14
86 24
81 42
82 63
30 79
74 101
95 111
87 113
8 117
58 119
71 122
21 131
33 133
33 152
29 178
14
86 5
76 29
80 68
80 71
44 75
66 79
85 118
86 122
87 126
44 129
83 141
6 149
27 152
40 180
20
65 5
97 10
95 48
26 59
39 60
50 61
2 64
22 66
84 75
39 87
50 89
15 102
97 109
68 128
50 137
60 157
13 160
80 177
36 187
94 199
12
90 51
27 66
1 74
65 99
55 105
29 106
20 111
49 125
54 134
84 135
75 150
22 159
22
25 21
12 24
83 25
62 35
18 44
53 50
16 56
19 61
78 64
31 75
71 79
93 83
39 96
92 99
94 103
86 104
42 115
31 149
97 167
12 179
92 185
17 186
14
91 19
91 22
81 39
26 52
41 56
70 63
71 77
12 82
57 108
22 119
79 131
81 170
33 177
39 190
10
44 34
18 84
98 91
53 107
69 112
9 115
12 117
100 137
62 154
32 191
9
70 23
93 31
99 37
10 49
81 107
53 118
78 151
37 178
67 199
15
87 5
25 26
90 43
71 55
59 61
82 70
60 86
87 87
54 102
22 126
75 148
29 152
36 171
85 188
77 198
25
18 6
85 20
52 32
39 44
51 47
32 52
17 57
18 61
78 63
47 66
87 82
52 84
55 87
99 129
47 135
65 149
80 153
7 155
59 160
24 161
45 165
69 169
41 171
40 173
51 195
18
96 23
64 32
50 37
29 44
47 73
14 77
39 100
6 114
17 126
3 134
37 142
12 149
1 164
97 166
2 169
86 172
63 192
30 197
26
90 8
42 15
69 57
72 62
98 63
77 75
87 81
34 85
92 86
75 92
9 101
40 107
99 115
86 117
30 126
26 127
56 132
55 137
87 156
62 162
2 166
47 168
85 173
45 188
21 191
29 197
15
81 14
15 22
63 33
69 34
72 76
77 81
78 105
90 109
38 131
6 132
10 154
98 155
29 168
29 180
51 191
12
16 20
24 39
79 57
94 70
65 72
36 80
2 82
42 85
76 123
33 154
61 182
70 192
12
38 0
6 16
42 35
48 54
39 60
98 63
93 67
52 99
96 101
49 136
77 181
100 184
14
70 2
8 33
59 54
91 64
45 66
76 74
52 85
53 95
53 125
56 141
61 164
62 181
61 183
24 197
18
42 11
51 19
68 23
94 24
33 25
43 26
85 29
79 37
79 40
83 59
93 60
42 71
24 93
30 101
41 123
94 133
76 145
33 181
15
10 3
38 40
52 53
52 58
76 98
38 99
42 104
3 106
98 111
46 147
10 156
25 165
42 169
22 172
57 184
13
35 4
13 15
39 22
15 41
62 51
13 78
14 117
11 122
27 146
63 157
90 176
95 185
72 197
14
75 3
80 5
63 25
88 39
24 46
32 100
43 103
42 104
24 119
78 132
8 154
36 166
80 171
5 195
10
98 3
87 46
28 59
60 63
73 81
2 116
20 122
28 157
42 158
1 196
15
58 5
62 18
44 28
9 29
23 68
58 76
89 115
51 123
28 127
33 144
12 159
15 171
49 176
55 189
94 196
16
39 0
87 14
16 26
48 59
30 60
72 61
6 68
66 77
57 98
7 109
99 111
21 142
44 151
33 169
53 198
43 199
19
20 20
39 40
25 50
48 56
74 59
33 77
51 113
95 114
16 120
27 125
18 126
61 128
72 133
45 152
66 154
8 170
25 190
41 193
80 196
17
54 38
83 45
29 47
23 53
87 63
22 69
94 71
84 78
47 84
28 91
90 96
14 101
85 102
74 109
88 132
61 160
24 195
19
58 0
35 10
36 24
91 27
31 39
100 50
54 69
80 105
39 112
84 120
22 121
97 133
36 136
98 156
53 169
48 178
3 181
10 182
28 192
22
30 21
61 24
80 27
59 38
62 39
8 40
100 53
7 60
28 72
15 85
13 94
12 109
49 136
59 137
97 143
2 146
38 166
4 168
91 174
98 178
38 195
35 197
20
70 1
62 8
44 16
32 27
55 42
93 45
45 66
72 86
14 89
15 107
71 108
74 115
71 124
81 140
46 158
99 170
92 172
44 173
30 182
52 190
14
40 7
22 18
60 43
6 55
85 79
89 100
45 112
94 136
61 153
64 157
81 158
67 167
51 184
47 199
16
98 11
86 19
69 43
93 51
4 55
2 57
72 119
73 120
29 132
33 135
2 141
44 167
46 169
71 172
50 177
51 179
12
60 12
40 38
51 46
95 56
100 78
9 90
31 141
9 152
83 158
18 166
60 180
95 192
15
33 56
12 59
43 62
93 66
64 72
64 78
96 94
23 102
93 115
10 127
84 128
99 137
13 142
13 168
45 182
19
99 4
87 8
71 31
37 59
62 64
75 68
28 71
39 75
11 97
59 105
9 107
27 110
9 127
43 130
81 136
81 152
9 156
51 188
89 192
17
75 11
15 13
33 28
76 30
42 48
81 75
41 84
48 86
85 117
45 144
80 157
39 160
25 161
60 165
80 173
6 180
72 183
12
32 1
79 33
91 35
29 72
82 73
86 81
63 96
29 107
61 125
77 145
5 146
21 174
13
31 7
65 36
70 51
76 54
92 67
67 98
34 104
26 109
30 124
43 135
42 144
4 165
97 176
17
38 3
43 12
97 32
86 36
60 37
30 50
76 52
49 60
18 99
89 108
71 116
40 130
74 132
60 139
91 150
75 157
82 192
14
29 40
88 42
10 46
40 63
61 68
27 73
78 79
25 110
82 124
78 150
98 151
84 155
14 162
75 185
12
56 24
36 30
90 63
45 66
73 89
50 91
2 108
29 117
14 126
73 133
57 164
61 194
14
17 14
24 30
80 41
41 47
20 68
62 85
18 102
25 112
98 115
24 133
97 138
59 159
35 166
5 186
13
66 35
87 36
70 40
22 62
46 71
57 74
74 79
97 116
66 121
49 132
17 145
86 174
66 197
18
8 0
40 12
83 53
65 71
74 91
3 92
3 97
29 124
71 141
69 145
72 152
19 154
67 156
32 179
6 182
33 189
77 192
16 195
26
42 17
51 30
4 38
86 55
100 60
11 66
7 72
77 76
76 82
17 83
28 87
28 98
100 100
16 103
56 122
2 125
31 126
11 131
70 135
65 143
52 149
62 166
81 173
32 174
56 178
41 185
18
9 35
91 43
67 51
9 54
74 59
20 62
59 67
85 75
9 93
86 101
86 114
35 128
81 141
60 160
39 167
68 173
43 183
83 191
13
71 6
5 20
35 32
99 51
33 67
9 102
63 105
84 118
6 134
35 158
90 167
21 185
80 192
18
61 6
89 11
88 42
22 45
40 54
19 59
22 63
16 83
83 91
76 104
29 106
31 130
26 146
56 163
45 165
60 179
9 184
71 185
13
32 14
29 19
43 23
66 52
73 78
1 115
5 121
52 143
57 151
81 152
47 171
89 184
57 195
11
11 24
11 32
20 55
64 60
60 63
21 93
84 99
80 115
27 124
36 162
92 172
16
7 3
1 25
82 33
69 38
7 47
43 75
19 84
68 86
79 98
52 107
88 128
46 144
29 149
89 177
41 181
8 187
15
54 20
95 21
59 23
45 58
53 93
12 107
74 108
8 119
67 133
2 147
29 149
14 159
17 169
83 182
1 190
10
30 24
12 34
72 58
52 115
26 118
82 129
33 134
53 149
44 164
49 186
16
10 22
8 29
60 34
20 39
58 47
64 53
26 68
7 83
43 123
40 140
92 147
84 152
28 171
58 179
55 181
46 183
15
51 18
44 25
40 39
29 43
38 60
16 75
10 83
82 85
38 92
85 114
6 119
67 126
11 157
42 177
88 190
5
47 96
100 120
88 132
57 162
96 180
14
26 3
2 32
4 34
54 54
2 55
30 70
50 89
49 94
85 104
77 113
78 115
67 144
3 168
53 199
18
72 11
86 71
3 75
23 78
62 98
9 107
91 116
3 131
90 140
26 143
9 150
38 151
15 156
78 165
28 178
72 192
66 198
51 199
21
25 14
88 17
31 52
44 60
9 80
94 99
44 111
14 117
48 118
29 130
88 142
26 145
7 149
17 151
93 158
3 162
69 166
68 169
86 182
5 190
1 193
18
78 18
77 19
76 23
17 27
51 28
50 31
8 41
20 44
40 50
20 62
89 80
98 87
97 95
42 100
64 121
98 162
40 176
4 179
19
46 7
80 11
22 14
9 20
21 23
98 29
9 35
69 43
43 47
72 52
47 59
23 75
61 78
34 103
82 130
86 141
40 149
98 151
57 154
18
39 12
85 14
15 15
32 47
3 53
80 54
30 74
54 85
14 86
52 87
57 97
7 99
68 114
49 124
42 129
42 181
93 184
75 186
17
6 12
46 27
1 28
56 33
2 43
13 55
65 57
15 58
93 63
63 65
6 85
15 104
2 107
27 138
3 145
55 173
36 196
17
33 4
98 5
32 13
97 19
49 32
41 55
80 68
42 86
100 106
50 109
99 132
36 141
14 147
96 152
99 179
61 189
22 194
13
50 16
91 39
46 69
60 91
16 96
68 124
10 145
43 149
21 153
84 159
93 166
50 174
91 196
17
23 14
51 15
39 19
77 20
13 56
38 81
44 99
61 106
61 117
21 121
45 123
31 131
7 159
42 187
65 189
97 191
91 199
9
96 22
99 32
37 66
93 83
46 105
100 133
94 142
37 159
63 195
18
93 7
53 10
67 13
95 28
11 29
22 31
14 70
60 74
4 77
75 85
38 99
49 118
77 143
23 167
27 179
21 183
83 192
96 194
23
99 9
56 11
48 33
96 44
35 47
83 50
98 65
31 66
10 75
59 80
62 88
13 90
74 100
58 124
5 128
65 152
36 165
82 166
98 176
79 181
70 182
75 186
64 190
20
98 11
31 12
9 17
33 41
88 54
68 61
50 65
6 66
27 93
7 94
68 101
25 106
69 123
54 126
89 142
92 144
39 146
33 156
27 172
100 189
9
11 52
30 74
38 133
39 148
13 149
50 157
78 159
5 162
81 174
20
41 0
34 21
21 22
2 47
48 68
56 107
48 115
41 119
63 128
89 139
4 140
97 145
90 148
18 160
8 165
10 181
59 182
72 188
84 193
16 197
22
15 2
48 3
12 17
24 34
2 41
10 49
14 53
55 68
35 83
7 89
71 95
44 104
20 128
58 159
10 167
14 169
16 171
80 179
34 187
35 189
83 195
83 197
16
4 1
74 3
71 4
98 41
64 42
55 50
51 52
61 67
40 103
99 124
56 127
65 135
4 169
83 179
62 182
41 188
13
48 9
75 46
24 73
94 83
24 101
56 110
4 128
91 131
52 142
21 157
62 181
97 194
71 198
13
29 24
71 34
79 64
67 86
40 121
98 124
17 134
10 139
65 140
37 156
54 159
77 171
66 173
18
66 11
85 17
44 19
7 31
33 34
23 52
3 60
90 112
84 126
60 128
6 133
7 142
3 144
24 169
15 170
38 176
49 181
3 193
14
70 0
28 16
39 17
17 42
45 55
90 88
6 117
79 127
9 146
54 164
3 165
76 168
32 178
44 197
20
45 0
75 1
24 6
46 7
18 14
48 22
7 36
46 38
45 45
21 58
92 66
14 67
81 92
34 99
9 119
11 169
49 171
87 173
26 184
31 194
18
48 7
70 8
95 23
80 32
100 55
76 77
35 80
85 90
12 93
85 103
8 133
32 144
45 149
93 153
41 159
70 163
70 185
42 186
20
50 4
55 16
38 19
55 27
49 32
36 33
22 38
6 43
14 56
6 78
83 80
61 90
58 98
5 111
55 117
70 128
56 135
60 145
30 168
2 189
15
21 21
53 46
87 50
20 63
2 83
75 84
42 93
60 106
32 119
86 121
7 146
56 172
87 173
76 183
18 186
12
47 17
85 21
97 61
38 105
43 111
55 135
57 144
91 159
91 163
5 175
20 184
87 191
18
48 9
33 11
49 20
59 36
63 66
14 84
69 102
34 108
95 110
79 116
41 127
65 132
72 155
40 162
18 180
96 181
1 183
97 185
14
35 8
8 28
4 41
33 42
9 50
43 63
1 86
44 118
10 143
24 162
79 172
33 174
26 181
66 182
15
84 20
62 28
88 38
17 40
91 44
38 53
24 79
52 117
73 125
13 126
99 147
38 156
95 178
99 183
39 188
17
84 15
100 20
57 29
35 39
6 41
32 47
100 84
53 94
8 107
57 124
26 134
74 137
89 154
23 162
48 163
87 188
19 194
12
84 3
33 7
24 9
16 16
20 30
64 41
96 63
88 112
74 129
60 155
22 158
39 163
16
47 24
64 31
81 47
23 57
22 62
47 81
42 82
23 84
51 98
74 103
43 146
43 149
9 155
23 156
85 170
83 196
17
64 6
33 9
23 14
95 18
30 45
87 65
21 79
54 80
97 87
83 97
97 100
90 112
24 124
64 158
98 173
6 183
60 198
16
77 5
19 11
33 23
31 47
78 72
80 82
55 88
60 89
97 106
32 114
57 125
65 128
48 140
10 175
44 178
24 196
21
79 5
6 9
15 12
73 14
68 16
79 28
32 39
41 50
45 58
37 59
83 88
28 114
51 122
5 148
12 156
42 164
76 167
3 171
16 180
68 191
53 196
16
70 17
92 25
37 34
82 37
60 51
49 52
89 57
51 97
90 100
12 102
50 109
53 116
3 119
20 148
55 174
70 189
13
90 9
96 45
29 49
27 59
89 69
93 76
100 97
79 98
82 105
39 123
41 129
10 179
27 199
18
39 0
11 4
92 27
28 37
82 43
100 50
63 55
83 84
83 97
28 105
70 109
47 115
25 134
85 140
24 150
91 157
65 161
44 175
9
53 3
19 7
23 11
4 35
79 90
1 91
87 126
21 129
74 171
10
17 19
23 45
69 79
62 80
64 101
7 122
69 130
13 166
26 182
15 190
22
97 21
17 24
6 28
29 32
79 37
95 39
25 42
83 51
45 53
89 65
90 83
46 87
38 102
17 106
99 110
28 119
10 121
77 143
63 153
69 160
51 177
10 189
17
19 17
82 24
2 28
31 32
89 37
62 41
98 60
2 71
75 84
74 93
29 105
72 147
29 166
45 170
84 174
19 194
50 198
16
53 1
26 27
69 41
58 52
74 85
11 93
42 100
66 118
41 124
49 129
6 130
100 139
23 180
16 183
60 191
83 193
17
41 13
39 14
77 26
12 37
77 48
93 51
42 53
50 76
79 80
93 90
37 93
63 94
79 112
13 119
11 131
13 153
30 171
12
43 2
20 38
89 42
9 55
20 67
72 74
94 76
34 87
76 111
72 145
57 188
68 192
17
55 17
57 29
42 36
50 51
85 64
100 66
61 67
44 74
56 75
24 91
6 104
49 117
72 123
23 136
47 153
51 157
31 171
20
28 7
44 15
1 22
12 28
11 33
79 42
94 43
81 56
16 79
48 90
37 92
62 107
97 121
99 124
72 131
13 140
73 173
56 194
59 198
76 199
17
60 0
76 7
61 24
48 32
4 41
43 47
75 57
19 86
5 95
75 100
29 144
33 146
35 152
45 169
95 185
75 193
22 198
19
13 3
79 6
51 11
75 14
60 24
39 26
97 31
75 68
38 81
67 86
98 103
27 123
10 125
50 129
7 132
85 143
43 144
71 146
9 174
17
38 30
80 41
21 45
90 51
10 58
55 65
69 73
32 108
93 112
2 126
24 136
10 137
40 149
16 152
40 165
82 181
70 192
23
11 5
96 23
44 25
99 55
91 64
14 65
79 70
63 71
93 85
68 86
4 95
50 99
46 113
99 118
78 120
55 134
9 148
6 152
55 169
8 177
70 181
94 192
7 196
14
57 10
55 24
53 37
19 75
79 89
63 96
83 112
61 126
2 132
21 145
70 150
40 162
72 172
16 181
200
16
21 0
54 6
38 11
10 17
30 67
68 69
75 78
39 88
41 99
69 110
22 118
60 145
50 157
37 158
56 171
90 175
