200
200
10
35 3
40 4
70 15
17 38
92 40
45 52
44 85
94 90
40 115
79 159
12
15 14
34 17
16 18
67 29
63 41
29 55
32 82
89 96
85 105
64 152
21 164
62 179
14
86 11
38 22
59 26
77 44
1 61
76 68
76 100
3 101
79 107
2 140
57 160
45 186
24 193
69 197
11
74 2
41 18
12 26
24 35
22 50
66 93
54 94
35 95
14 109
24 134
73 157
13
33 28
59 45
87 86
7 91
32 150
10 159
50 165
66 171
10 181
58 185
21 187
97 191
75 199
17
52 18
2 36
32 38
48 40
31 49
93 89
94 101
74 103
73 116
21 118
46 127
44 136
36 146
19 152
89 182
38 183
74 185
12
59 43
38 59
66 66
25 67
25 82
98 114
12 144
41 166
64 168
80 174
83 187
48 198
13
41 25
17 37
43 45
27 85
93 95
81 97
22 98
62 105
81 143
60 144
73 170
4 181
38 182
10
15 5
51 47
23 49
81 61
50 64
62 87
5 90
22 125
92 173
90 188
12
100 10
36 20
96 24
6 33
100 81
51 94
12 102
30 133
91 139
58 172
47 173
21 179
13
34 8
27 35
63 40
79 77
98 86
21 109
56 122
54 124
77 156
73 167
29 174
44 189
80 198
8
91 19
47 46
31 62
42 67
3 133
44 177
86 178
49 196
14
50 12
17 16
13 21
90 25
70 96
36 104
52 123
50 126
41 151
36 167
72 176
30 180
71 183
30 192
20
40 14
73 20
92 25
8 34
55 39
75 41
96 65
31 109
58 112
62 125
33 136
17 147
15 150
85 152
95 167
97 173
73 180
55 188
8 193
78 196
6
71 89
60 94
65 110
40 117
55 163
1 168
7
6 10
1 69
49 110
2 114
60 142
24 156
29 176
12
2 0
1 8
49 14
73 24
11 33
73 80
64 128
18 131
60 148
37 158
27 170
6 199
17
53 1
94 13
95 27
26 31
8 49
71 50
88 54
40 64
67 69
47 76
100 101
90 135
51 144
70 153
59 164
6 178
19 190
12
36 17
27 89
78 104
91 109
87 115
42 135
73 145
35 148
48 170
16 171
39 172
74 198
12
99 21
27 35
74 40
71 63
70 64
99 65
54 70
13 79
77 168
7 174
17 177
26 187
10
25 7
75 25
43 58
29 103
2 141
78 175
41 181
31 186
57 190
14 195
13
36 19
56 28
9 93
69 125
47 133
98 145
6 148
12 153
95 159
57 162
31 174
45 187
42 196
14
57 3
58 10
52 13
6 27
5 32
100 51
5 77
77 80
39 93
41 100
82 113
86 114
19 161
45 176
12
66 4
88 46
50 53
27 56
88 71
97 93
72 100
48 104
7 142
59 153
77 179
77 187
12
68 36
43 64
43 73
87 97
43 109
39 129
73 149
99 151
59 152
99 164
99 171
3 176
14
46 32
65 41
13 42
41 80
93 88
32 96
19 97
58 110
81 134
63 135
31 150
12 160
45 171
46 177
13
92 16
87 23
97 39
36 43
18 46
30 81
17 89
1 92
17 117
70 135
53 152
17 171
99 195
17
79 1
41 11
15 16
30 19
57 77
73 78
63 90
15 99
21 100
53 115
69 123
37 125
48 136
3 170
93 174
6 180
66 188
13
16 1
13 7
67 9
9 33
33 38
19 51
35 71
65 95
63 97
51 111
12 120
52 151
96 172
12
93 17
19 31
43 40
98 48
94 65
15 88
71 90
28 91
49 104
14 137
33 163
38 168
12
10 2
70 26
17 57
47 76
60 83
86 87
92 124
35 130
11 136
43 165
27 166
4 178
10
30 61
14 72
55 80
20 115
31 124
36 133
14 154
25 159
34 179
27 192
16
13 12
13 38
79 43
99 46
62 54
60 55
59 60
12 72
56 93
10 104
18 114
87 165
39 171
9 178
55 196
58 198
13
35 5
63 32
74 39
4 41
17 107
80 109
62 134
11 137
71 144
44 145
42 168
99 172
30 190
13
84 53
9 54
3 70
70 77
5 80
25 94
70 122
5 130
5 136
81 143
33 146
53 147
55 148
11
69 14
10 29
24 32
52 40
86 51
98 96
48 108
17 115
71 144
93 166
79 167
10
67 0
99 17
18 55
3 89
12 133
78 135
33 142
93 151
37 155
29 174
13
12 48
12 52
85 56
28 60
27 62
66 84
19 94
73 96
31 119
81 124
72 153
77 158
29 190
9
76 18
20 38
78 62
88 90
45 94
14 137
100 149
20 163
15 186
10
66 14
37 56
4 83
37 97
82 98
7 126
76 138
17 167
43 176
67 181
11
91 30
18 33
99 44
91 96
91 98
20 100
50 116
54 132
3 136
23 158
49 162
13
90 7
66 26
69 46
65 58
98 105
36 109
55 113
90 138
37 140
94 141
39 152
21 173
15 193
16
25 11
92 12
76 21
42 22
41 23
78 37
17 55
65 78
33 90
80 96
46 107
95 115
23 117
51 140
22 145
88 196
4
97 34
71 46
49 49
54 148
13
76 0
41 21
5 23
60 26
72 47
24 56
77 63
69 72
69 86
14 102
98 120
52 156
4 169
19
83 10
22 20
88 21
35 33
77 35
87 46
27 56
73 61
28 62
6 68
90 74
42 86
95 109
10 115
49 140
88 141
6 181
45 190
48 199
14
52 3
30 25
30 32
8 41
83 49
79 50
39 55
100 58
41 59
73 101
74 106
50 130
61 137
64 179
17
16 1
36 3
40 12
20 13
54 54
71 59
23 71
51 72
6 81
45 89
48 114
55 125
7 159
26 164
88 184
20 187
9 197
10
75 11
22 26
50 29
61 36
5 64
36 82
60 90
52 96
61 160
34 196
11
78 14
22 23
6 40
4 53
57 70
57 72
59 115
67 118
71 131
88 133
28 186
15
32 3
48 4
91 13
35 26
14 49
26 53
62 58
26 76
20 77
31 101
40 102
93 119
13 141
58 144
81 199
5
46 97
10 125
19 147
30 170
86 192
16
59 12
56 19
19 31
9 35
61 48
93 59
33 73
16 85
54 97
16 130
2 135
12 165
61 169
47 173
60 177
73 182
10
97 14
84 28
70 40
41 47
70 52
33 82
67 104
31 133
52 139
10 182
11
83 10
25 13
86 26
20 40
61 42
12 54
22 56
81 60
37 95
60 146
76 167
16
83 4
74 12
97 19
89 31
55 38
70 39
1 45
8 53
7 71
79 117
16 123
17 125
77 155
89 170
57 171
59 192
12
50 37
38 53
88 93
74 106
2 124
38 126
56 144
47 149
88 157
25 168
19 170
88 189
16
88 7
63 15
26 22
13 39
11 53
40 55
69 59
82 66
79 82
59 83
54 112
99 124
55 133
52 137
71 175
29 181
14
32 3
37 13
89 44
84 48
81 55
54 71
46 91
69 98
71 109
25 123
57 126
20 164
50 166
25 190
15
93 3
53 13
65 25
98 26
8 33
48 51
72 56
23 66
25 93
63 98
60 128
79 165
70 172
67 176
58 188
9
64 18
52 29
95 42
77 102
75 118
77 128
16 137
68 155
29 174
15
36 11
89 20
38 35
73 44
31 48
76 55
52 61
81 71
28 92
58 109
10 119
16 129
49 138
66 148
52 154
11
29 8
21 24
34 32
8 61
16 76
49 128
9 129
3 145
36 152
57 155
87 182
12
93 20
56 30
32 38
50 45
57 66
94 73
62 86
19 90
9 142
39 156
6 164
20 185
9
6 25
86 32
3 37
2 50
10 67
44 84
37 144
80 179
17 197
13
51 20
48 36
56 38
44 50
16 58
46 63
26 85
42 92
31 106
79 144
48 150
42 158
54 172
10
60 66
30 76
3 102
29 127
57 137
34 170
50 174
18 186
32 197
51 199
17
65 5
77 15
53 16
98 56
100 82
68 85
42 94
57 105
49 117
44 136
30 141
55 144
86 145
59 155
54 187
57 190
91 197
7
55 12
86 32
65 61
6 71
98 95
81 140
84 195
11
43 2
95 11
64 14
85 23
45 92
29 97
25 98
93 143
94 168
97 194
19 196
8
60 2
67 4
21 5
3 30
67 56
74 95
54 112
27 180
14
51 23
28 24
2 66
15 70
58 73
32 75
88 78
82 88
24 89
26 109
26 119
19 132
37 146
73 168
7
100 2
40 16
69 64
91 74
95 142
92 188
42 196
14
26 5
49 6
93 30
29 40
60 49
8 70
94 93
42 98
79 106
44 108
87 141
63 143
54 162
24 171
8
21 25
72 118
27 126
29 127
44 141
84 147
4 158
41 159
8
50 1
17 5
100 26
27 77
67 87
66 164
85 173
100 183
5
58 43
55 51
72 85
65 160
66 195
11
97 27
49 32
35 56
70 85
91 90
24 107
98 129
40 143
98 164
91 167
82 197
14
40 3
69 21
67 23
14 34
31 40
56 60
43 66
48 67
2 68
90 90
12 96
83 121
95 142
83 159
12
51 6
14 9
16 27
91 48
70 59
24 93
90 112
76 125
46 162
69 169
85 175
95 185
11
13 42
89 53
65 57
54 75
45 84
100 101
3 111
94 127
75 168
27 177
94 196
9
23 1
8 29
12 50
29 81
18 83
24 137
41 143
63 145
53 176
15
67 11
76 42
58 43
89 53
48 56
58 74
16 80
76 86
66 89
96 103
11 109
1 142
99 150
22 158
95 183
16
18 12
26 20
56 29
63 35
11 39
99 43
86 45
3 53
22 97
31 111
100 112
90 117
97 121
91 124
30 128
65 152
11
10 28
82 36
92 54
51 60
98 90
60 113
20 125
69 128
34 180
4 189
62 196
4
73 32
43 74
72 126
8 130
7
92 60
93 74
75 117
22 119
67 175
95 190
2 193
17
31 27
77 35
14 48
80 60
91 72
34 81
27 90
94 99
26 101
62 104
21 107
61 131
6 154
42 165
83 168
98 171
89 182
10
13 3
75 12
56 19
91 27
29 54
98 111
41 118
58 139
85 185
42 194
9
85 15
40 31
23 41
45 58
92 67
69 76
66 78
46 101
88 172
10
88 67
74 71
59 74
72 84
58 112
53 114
32 128
3 129
82 150
54 176
9
78 5
31 77
56 83
80 87
74 97
77 102
91 126
98 138
44 145
14
83 0
16 10
59 31
71 56
6 71
81 93
25 98
82 109
26 134
53 137
98 144
52 167
12 171
44 184
11
24 55
99 66
21 94
96 110
34 125
29 126
13 145
6 147
72 149
49 180
14 196
11
55 1
65 29
5 52
49 62
78 65
55 95
8 116
28 146
13 150
8 153
95 184
11
32 12
26 21
23 36
57 70
42 73
46 99
90 157
61 168
2 173
79 175
26 195
10
29 57
11 86
22 92
66 104
85 134
19 136
84 141
69 154
44 168
91 188
12
77 12
100 25
58 30
96 53
82 72
69 73
33 98
1 133
7 137
9 170
33 171
86 182
14
11 9
45 32
77 36
3 52
13 68
8 84
89 89
60 102
15 109
24 118
80 129
59 142
19 167
68 174
18
10 0
39 39
44 43
94 52
61 53
37 61
83 69
79 90
3 108
72 120
23 132
93 135
94 165
92 166
91 175
46 178
37 190
41 194
15
33 12
88 20
40 25
10 29
97 47
63 52
19 55
23 88
77 98
62 109
77 113
39 133
95 153
26 157
72 171
14
14 2
30 11
19 21
32 49
18 57
96 61
17 110
87 116
95 126
30 168
5 181
12 190
65 192
36 193
11
4 3
4 19
6 39
2 40
49 69
39 84
36 99
84 118
36 126
15 192
43 199
11
94 10
95 41
55 92
32 100
84 122
34 123
62 140
94 145
34 157
63 179
11 190
11
37 23
19 79
37 89
96 105
94 115
29 154
29 162
43 175
18 187
58 193
34 198
14
93 3
42 13
28 14
98 52
83 58
95 75
66 93
39 98
30 104
18 115
11 117
53 143
7 147
32 174
13
59 13
41 44
17 78
61 98
64 100
43 108
65 138
39 140
38 150
11 156
88 176
18 178
72 195
12
6 7
74 10
15 17
76 19
92 45
4 49
29 76
24 108
14 113
24 119
46 169
43 189
9
71 22
85 31
70 81
56 93
17 115
67 141
89 174
49 178
60 198
11
8 14
48 21
18 33
73 111
14 123
54 129
91 136
22 183
2 191
25 195
87 196
8
50 47
54 48
78 80
26 97
24 116
50 141
23 173
90 181
10
78 42
20 52
28 65
77 66
70 83
36 112
29 138
50 140
60 164
31 179
12
98 19
55 30
40 38
15 43
48 45
53 57
39 98
54 103
15 129
63 150
24 163
100 186
7
76 19
53 28
84 35
65 45
49 140
66 159
5 184
21
74 13
89 38
59 39
93 42
64 46
9 76
96 85
54 92
3 96
43 98
57 107
89 111
82 112
12 126
91 132
5 133
47 139
6 156
74 162
55 178
5 193
20
76 4
91 24
93 65
51 74
11 88
43 91
51 107
13 113
78 127
44 132
44 133
45 134
14 140
59 151
28 156
42 157
18 164
68 179
54 182
87 189
12
54 13
21 16
68 28
94 47
94 78
20 79
22 91
69 131
35 165
71 169
83 183
48 194
14
90 17
92 23
66 51
97 68
78 84
95 119
97 140
87 145
38 156
57 161
33 162
13 164
100 168
90 176
11
78 28
94 37
43 59
12 109
42 111
22 116
20 123
8 128
17 167
30 182
25 198
10
69 38
39 61
14 66
35 69
25 101
65 109
17 110
77 115
44 130
11 140
14
15 0
38 1
29 6
26 16
79 18
60 73
6 81
23 83
13 91
45 93
65 121
7 128
35 148
36 197
11
99 46
5 58
77 102
25 106
93 126
41 128
54 149
83 180
86 192
87 197
32 199
12
77 10
9 15
26 28
64 36
21 63
65 77
93 79
35 106
45 139
69 153
24 176
77 182
8
21 4
30 7
69 20
29 27
64 56
29 130
1 149
68 160
14
49 75
99 88
33 90
65 101
32 108
2 109
9 112
52 118
9 119
28 137
63 153
38 166
54 181
34 183
11
91 57
26 74
70 76
38 97
4 102
91 116
71 120
62 127
66 180
13 182
60 198
17
1 25
15 51
57 74
35 75
24 99
61 107
82 113
84 116
66 118
88 119
45 122
55 125
25 126
63 148
21 155
67 188
55 199
9
61 8
82 17
86 19
86 69
85 94
47 97
10 102
10 130
78 173
8
64 17
16 26
93 99
10 116
58 148
2 151
64 170
9 191
12
63 4
90 12
60 23
79 34
41 43
62 70
26 96
91 98
18 112
12 134
85 148
57 152
7
73 45
8 47
15 52
51 76
42 125
74 128
55 197
5
35 76
12 118
18 130
97 134
92 196
2
24 63
44 157
12
25 40
18 42
59 46
34 51
17 81
78 85
10 93
31 107
83 127
7 139
93 173
63 180
14
10 5
54 37
75 38
98 57
60 98
52 119
62 127
60 130
80 148
44 156
39 158
73 160
28 165
46 172
19
32 0
79 1
91 33
79 47
100 49
88 52
40 53
75 58
2 62
82 83
4 94
69 101
27 122
57 125
76 143
8 162
99 166
57 167
35 172
16
67 1
69 13
5 18
100 44
53 79
4 81
10 87
25 91
56 143
3 151
65 154
84 156
14 171
33 181
15 188
45 196
13
28 5
81 11
98 12
73 33
74 64
93 71
7 73
88 77
96 88
57 115
54 117
28 167
89 176
19
88 4
85 23
71 55
19 61
6 70
51 72
9 89
80 95
7 120
4 122
50 132
12 133
60 139
58 151
49 159
13 169
20 176
26 192
65 196
12
32 3
63 22
10 29
13 43
38 46
15 48
56 78
77 85
44 112
7 120
11 143
71 199
7
91 48
60 54
19 75
34 104
35 125
35 145
1 153
13
100 10
71 25
15 32
36 47
57 67
81 105
76 107
86 108
70 114
96 122
7 135
98 145
88 196
15
44 24
60 40
14 45
86 46
67 72
31 103
99 107
72 109
38 125
42 148
10 155
72 176
92 186
12 193
89 194
13
86 1
32 28
18 41
2 61
74 64
7 70
49 112
34 136
66 144
9 148
13 167
41 180
22 184
17
20 14
75 51
98 55
28 70
77 72
65 80
25 99
88 102
2 111
5 127
84 130
29 152
25 154
98 156
32 160
29 180
81 197
21
37 34
25 35
83 39
31 49
59 53
48 63
39 73
75 75
78 76
64 102
38 121
45 123
23 132
61 136
38 142
92 146
71 148
48 152
77 167
3 170
51 177
5
63 12
58 111
78 149
97 153
52 196
15
40 5
51 35
31 36
16 67
47 68
51 86
47 118
84 127
68 138
39 154
6 162
95 164
74 166
48 181
12 185
11
78 6
56 7
91 9
41 15
88 29
34 62
85 66
36 112
83 156
20 170
15 196
12
67 6
18 9
37 15
16 61
22 64
24 99
98 114
21 132
95 143
27 146
4 185
31 188
15
72 0
62 14
93 32
14 54
10 76
72 92
9 117
37 135
86 143
75 144
31 164
64 174
16 175
18 185
25 194
6
56 43
82 66
55 102
99 106
81 140
1 156
4
50 1
98 12
79 61
23 137
12
89 1
88 23
83 31
19 62
39 100
28 117
28 118
41 119
17 121
42 169
45 183
87 187
12
24 12
35 22
15 31
18 123
95 127
89 135
29 153
65 157
44 170
32 177
60 191
61 194
9
65 18
66 31
2 37
92 48
74 50
65 91
13 93
71 125
11 143
9
59 7
99 49
37 59
5 64
26 75
27 156
34 179
7 183
13 197
8
54 6
3 7
9 16
11 101
64 104
39 170
75 171
3 186
9
97 2
42 50
55 82
47 92
77 142
50 157
28 168
86 170
59 194
14
76 4
75 11
27 35
97 39
49 89
69 91
1 120
38 124
70 126
97 160
71 173
98 175
77 179
10 186
16
92 10
32 24
31 38
28 51
62 52
71 56
39 60
7 83
95 91
33 98
48 129
67 138
95 139
23 157
53 164
39 190
16
14 2
72 15
95 34
84 39
85 63
1 68
78 74
50 78
93 97
66 100
49 113
33 130
73 162
24 167
53 168
64 178
7
32 0
87 35
86 106
51 187
93 192
18 193
91 194
20
20 8
52 12
13 38
60 40
100 54
35 69
67 90
80 94
96 118
92 121
28 123
84 124
64 125
84 143
74 146
82 152
39 169
63 174
1 176
51 190
13
1 1
13 18
92 40
12 55
96 64
83 107
91 108
92 109
6 115
80 134
49 176
29 178
32 182
13
14 0
93 12
13 15
11 37
69 59
96 62
62 99
49 132
63 136
3 146
79 166
7 177
90 179
12
78 19
42 39
21 41
92 93
48 99
94 106
5 121
50 134
26 158
13 160
12 194
46 198
10
65 49
72 60
61 78
93 108
90 115
84 124
58 144
90 163
32 177
66 196
6
36 19
73 58
21 66
54 168
38 179
2 199
15
4 12
96 15
33 24
30 85
59 87
79 88
52 131
23 132
63 134
15 141
22 149
83 174
12 179
69 194
2 195
9
40 7
7 31
68 83
19 109
6 112
70 138
29 154
57 175
51 199
11
28 6
73 11
22 24
94 32
29 36
68 80
35 103
38 140
78 147
15 149
22 163
10
5 3
79 4
4 44
79 60
74 86
87 96
54 112
66 118
90 126
72 127
19
35 2
26 13
34 15
28 21
100 33
25 36
87 71
58 89
38 95
81 110
52 123
2 139
33 140
37 143
5 147
71 151
14 153
56 160
50 181
11
15 12
92 23
14 33
44 47
81 65
80 104
32 113
24 116
94 149
42 176
100 183
12
1 22
68 27
3 54
62 61
75 69
85 71
89 80
30 86
2 99
77 103
54 174
94 191
17
85 9
82 26
71 30
30 44
49 45
19 85
81 91
80 101
48 104
82 109
30 121
39 132
28 136
21 157
24 174
43 189
88 198
13
14 10
91 56
39 76
47 87
4 98
43 99
36 100
99 105
44 122
27 153
50 166
19 182
25 187
12
80 0
20 4
2 19
99 36
65 54
31 56
89 72
98 122
36 153
83 185
39 186
26 199
13
46 13
15 17
79 53
44 63
51 74
54 125
81 132
28 134
55 147
88 151
52 173
39 177
40 184
14
27 9
25 17
33 23
9 45
64 60
63 81
50 87
50 104
14 105
99 143
61 154
100 159
2 165
56 182
14
88 8
17 10
7 13
50 35
100 38
29 47
53 64
68 98
75 121
66 132
79 134
29 177
3 181
25 185
15
38 0
36 12
93 25
48 34
30 35
67 51
11 73
28 98
73 131
38 140
47 155
100 166
49 173
49 184
72 186
12
9 21
90 25
84 27
35 28
60 31
70 57
6 100
3 101
71 153
10 175
81 183
100 193
17
38 1
19 5
24 13
14 17
73 44
46 46
11 47
99 65
55 91
24 94
19 109
73 120
55 128
56 136
39 171
23 182
12 198
14
89 15
34 36
12 42
52 56
54 63
49 91
51 92
65 115
14 128
44 158
28 174
50 177
80 179
38 184
13
13 0
33 49
91 60
50 84
56 88
71 89
100 90
74 100
95 115
63 120
97 127
60 128
87 170
11
53 17
68 22
18 48
97 78
19 80
80 124
39 130
97 132
77 172
28 185
67 186
10
91 40
12 79
67 86
13 123
96 137
62 157
75 159
91 169
94 198
99 199
11
9 4
85 6
63 55
31 76
26 82
28 88
48 110
37 135
61 166
27 184
35 190
16
64 36
88 40
64 44
54 48
20 54
60 65
38 83
4 89
84 98
23 105
39 117
67 123
15 131
58 136
21 148
87 198
11
46 7
59 22
72 32
89 67
31 116
41 123
10 126
81 143
77 160
100 165
16 181
11
15 0
12 11
76 45
95 77
99 78
96 141
84 147
53 148
87 178
19 193
74 194
13
75 23
32 42
68 44
100 47
75 50
66 72
51 93
43 98
39 127
45 134
1 152
95 162
52 194
9
82 12
80 22
85 29
36 50
66 51
36 69
15 82
2 88
37 143
8
21 64
42 77
2 84
48 98
88 99
28 157
66 161
8 166
17
93 12
59 42
28 46
17 68
56 72
83 86
1 91
93 98
12 105
13 126
69 131
45 133
90 139
47 140
22 160
63 178
36 186
9
27 25
36 57
51 89
15 130
42 147
10 158
3 166
97 195
71 196
3
36 53
39 137
97 166
15
55 0
31 12
45 17
14 44
83 53
80 56
20 60
79 74
13 86
51 88
25 103
38 166
39 173
97 184
11 196
200
12
68 7
79 25
81 82
77 105
1 120
96 127
11 129
91 149
56 164
35 175
55 177
71 183
