200
200
18
73 61
95 64
83 75
23 79
53 84
47 104
56 110
45 125
49 134
98 147
73 149
55 152
55 162
14 165
63 166
42 179
10 182
79 193
18
50 0
68 8
23 12
44 14
30 15
8 19
75 23
26 66
64 69
11 80
71 90
20 115
35 117
96 126
77 137
45 165
39 176
36 182
20
93 3
22 21
7 24
3 32
89 42
42 47
5 49
39 51
3 53
63 57
20 77
25 107
53 123
75 140
92 160
63 180
23 182
61 184
73 186
51 188
20
45 2
39 5
76 10
17 28
55 47
70 48
14 56
89 63
75 78
19 87
75 95
61 100
100 115
67 117
80 128
75 149
15 164
20 193
20 195
65 196
20
48 2
76 5
72 12
47 20
12 33
72 56
17 58
52 60
95 82
75 95
1 96
48 107
77 108
41 130
59 137
53 142
74 153
17 162
79 169
69 189
15
37 3
91 4
27 33
29 41
45 46
27 70
12 104
26 108
20 113
84 123
45 129
72 134
18 136
4 183
81 194
18
13 3
90 19
55 34
75 42
55 48
97 60
11 67
99 70
28 71
82 87
48 95
9 116
73 139
90 147
48 149
85 157
61 162
12 188
20
25 3
35 10
45 35
74 40
48 51
30 53
55 55
86 61
13 64
58 96
50 100
62 102
16 134
70 145
88 148
35 153
55 165
89 167
85 171
19 184
16
57 0
78 3
89 12
100 23
51 24
89 34
89 47
26 63
97 70
96 81
96 103
68 106
88 129
98 133
95 142
84 177
21
72 1
9 2
79 6
38 12
13 18
27 20
31 34
24 57
97 62
66 63
8 92
96 113
54 148
51 158
100 167
98 170
33 176
1 177
72 194
50 195
19 198
18
35 17
82 34
41 38
52 43
98 69
40 82
2 95
74 107
54 118
28 126
49 128
46 145
29 146
34 153
81 160
33 175
11 188
70 194
13
2 4
37 13
53 24
33 35
91 57
25 63
64 110
11 119
81 146
17 165
36 170
35 177
85 178
14
84 5
33 33
94 63
6 85
52 90
47 132
9 143
40 152
29 156
60 161
62 171
40 181
77 189
32 193
21
85 1
19 11
95 16
80 28
37 46
70 49
79 52
61 56
60 57
32 71
10 106
20 108
36 110
99 130
82 131
29 157
38 158
43 174
59 187
50 190
55 194
23
65 4
63 8
16 17
79 28
89 39
86 44
57 46
69 75
23 84
9 102
92 108
64 114
42 115
37 121
8 125
43 126
75 133
13 135
11 144
93 179
22 180
25 190
94 197
16
41 4
90 23
64 30
84 40
11 42
42 70
86 87
40 90
14 105
28 119
88 147
34 162
25 171
17 187
2 192
4 194
11
64 1
98 41
36 48
35 67
82 83
3 96
25 98
29 134
80 182
5 184
95 190
18
68 7
52 9
11 18
29 25
20 30
41 40
7 51
85 70
6 74
98 94
99 123
87 128
90 150
21 158
16 174
11 189
24 191
52 196
15
85 14
79 27
1 30
22 78
65 96
67 103
31 120
13 124
73 127
69 136
78 145
23 153
27 160
1 172
34 184
19
33 16
74 40
85 42
70 45
78 65
29 77
59 88
90 93
23 104
1 119
65 124
67 134
26 142
84 149
81 157
55 158
71 162
11 183
27 184
10
75 5
74 19
58 20
83 30
28 38
27 47
31 64
76 79
25 100
45 132
13
60 4
29 16
41 35
13 45
30 78
90 86
95 128
66 130
100 148
59 151
26 168
100 179
14 183
21
6 0
24 6
100 17
86 28
94 29
60 40
10 43
21 46
23 50
8 55
52 82
85 92
14 102
45 107
87 112
81 113
17 138
27 142
91 160
58 172
50 195
10
43 9
8 26
17 82
20 93
53 128
56 142
85 144
10 146
76 149
41 196
18
94 33
90 41
61 43
95 48
24 61
100 71
59 80
37 86
72 96
16 106
69 114
88 127
12 132
57 156
21 164
100 166
5 169
12 187
16
70 5
6 14
72 15
52 27
76 58
4 70
69 73
94 87
10 117
22 127
96 143
17 151
50 157
63 191
74 195
33 197
24
77 8
10 14
41 16
36 24
29 25
11 29
73 44
64 52
84 55
4 73
45 83
65 84
38 85
18 87
11 88
73 89
10 96
36 104
96 110
44 113
68 123
93 186
54 192
84 195
8
27 65
20 105
62 110
91 141
50 146
51 148
60 162
100 189
25
99 11
55 18
63 30
13 31
52 33
76 38
49 52
95 67
31 69
90 70
21 97
85 113
40 118
23 119
52 133
75 141
3 146
68 147
62 151
26 152
17 157
62 166
42 182
76 183
34 196
12
97 4
43 41
20 76
19 84
14 109
54 121
70 132
31 137
58 141
80 144
99 148
15 191
17
21 14
81 17
87 28
15 38
64 54
1 62
57 82
26 109
63 123
58 124
15 138
36 144
94 147
27 183
57 184
30 189
18 194
21
29 8
38 10
48 22
40 30
92 40
38 45
96 60
50 62
11 69
60 82
67 106
33 121
34 131
96 160
30 167
42 169
48 180
20 190
10 191
60 195
16 197
13
68 8
69 39
29 42
7 50
94 93
81 96
33 115
15 138
5 155
47 167
30 184
20 192
32 194
15
49 15
52 17
88 24
62 52
83 62
7 64
44 65
31 98
70 104
74 106
51 124
24 154
16 166
59 173
52 178
29
11 21
51 24
4 25
67 35
70 48
17 50
65 54
34 56
20 58
28 59
7 61
65 71
20 92
13 96
22 97
37 104
55 109
100 112
56 115
30 116
23 144
63 145
2 161
59 171
58 172
3 177
82 180
96 181
90 192
17
44 12
18 29
65 47
65 69
1 73
93 81
47 100
88 108
82 126
28 141
52 144
48 157
100 158
13 167
96 169
41 184
17 185
18
57 5
87 6
10 23
45 30
64 38
95 58
73 62
99 87
44 100
76 131
55 136
86 142
53 150
90 155
85 158
8 175
21 177
42 191
19
80 48
37 51
81 52
19 56
5 64
40 70
47 72
89 79
75 89
39 93
92 100
93 108
32 147
7 167
11 175
58 176
53 177
40 190
75 192
17
50 39
40 41
86 66
39 68
95 69
20 84
13 85
44 92
8 101
5 113
53 124
97 147
98 150
36 158
79 167
38 174
46 191
23
28 5
93 7
74 11
66 18
73 27
91 29
21 34
90 41
92 44
30 60
40 64
13 67
23 69
1 111
73 113
26 116
34 118
17 119
2 134
62 138
99 168
81 180
92 186
15
40 18
31 23
49 26
66 56
58 57
3 59
27 66
48 108
12 113
51 124
90 133
93 140
41 142
97 160
34 198
17
75 5
55 15
86 21
61 27
21 68
66 74
46 106
82 118
61 126
7 130
12 132
55 140
5 150
74 156
14 168
97 192
6 199
21
16 6
82 9
35 12
40 14
44 18
32 22
32 26
70 32
25 49
52 71
1 79
22 80
78 92
91 97
44 99
60 109
14 112
86 134
72 181
94 193
45 196
22
3 3
16 22
13 34
55 42
24 57
50 65
72 71
59 74
62 77
32 78
75 79
91 85
63 96
87 103
19 108
2 115
33 118
40 123
89 145
61 184
84 185
32 186
14
44 23
96 27
13 62
14 80
89 84
67 89
98 102
31 109
10 120
10 143
73 156
95 161
97 182
76 185
18
97 1
12 26
12 32
37 40
30 50
22 73
62 88
49 89
45 96
40 97
61 109
72 114
29 119
10 124
27 181
21 191
100 196
94 198
13
38 23
82 25
93 29
42 47
73 50
10 91
17 96
26 98
43 125
22 139
71 140
58 157
20 194
17
8 2
35 26
70 33
48 38
72 58
77 72
34 82
22 87
24 107
46 115
54 123
97 156
26 171
54 174
11 183
70 191
21 192
14
40 2
51 16
72 27
11 33
51 48
2 50
26 78
24 105
29 113
38 122
93 131
33 135
32 144
70 197
15
96 8
6 17
90 21
23 64
61 92
82 98
3 108
85 113
90 125
43 163
81 167
62 174
17 179
24 187
97 190
21
50 0
51 3
22 5
44 29
57 30
26 39
96 47
60 49
81 58
49 64
46 67
61 77
75 87
13 96
64 128
18 130
15 149
2 162
90 172
68 175
29 186
19
71 12
82 13
76 14
91 22
74 31
93 69
20 70
94 74
29 86
46 92
37 94
6 116
90 141
44 143
22 148
6 151
33 176
65 185
79 188
16
17 12
20 37
25 39
47 42
69 43
25 50
23 86
2 104
39 122
50 130
38 140
55 143
21 160
39 161
73 187
66 196
26
2 11
17 18
100 44
82 52
4 55
86 56
40 65
21 81
79 88
45 91
68 97
67 105
71 107
30 115
55 123
67 136
82 138
70 143
6 153
8 154
10 159
38 165
43 186
52 189
50 196
86 199
18
66 4
6 6
60 22
96 40
49 48
15 54
77 67
84 80
22 86
17 110
14 129
98 134
34 152
72 153
97 177
46 183
85 190
60 196
17
17 4
50 15
12 20
83 33
46 59
65 61
59 66
82 78
17 98
63 117
78 126
95 132
99 148
5 152
24 163
55 164
5 194
18
79 7
73 8
32 10
72 14
28 36
39 37
45 38
68 45
85 68
7 112
2 129
83 137
27 139
54 142
89 145
20 147
32 175
50 177
15
24 8
8 30
87 33
81 48
36 50
51 75
31 76
82 81
53 103
19 110
87 124
35 134
36 180
50 191
35 194
14
57 4
69 13
34 62
5 70
99 81
89 93
4 95
44 111
42 121
80 124
7 126
32 176
68 178
41 183
14
23 7
64 14
9 19
28 43
98 85
33 98
11 103
91 122
25 124
10 130
59 139
49 156
57 170
6 177
23
36 2
72 6
20 10
25 27
79 49
12 52
93 53
34 56
32 59
75 90
86 91
90 92
66 93
9 94
99 97
10 98
9 100
76 117
38 120
49 135
6 159
31 192
74 194
14
52 0
57 14
27 27
43 32
21 60
14 63
29 67
27 93
17 105
9 120
4 147
93 157
24 173
61 181
26
44 4
60 22
56 28
43 34
29 68
36 69
59 84
3 92
14 113
72 128
100 129
81 134
66 135
88 136
24 145
21 146
32 147
54 152
46 153
68 158
11 170
99 179
44 182
15 191
73 192
97 197
14
90 13
25 31
80 81
12 86
46 97
82 112
45 115
74 128
29 132
70 134
98 148
56 161
77 169
12 184
28
42 2
16 12
7 16
37 19
79 24
90 63
40 69
36 71
58 85
49 92
57 98
23 110
71 112
56 113
50 118
40 120
68 136
91 138
16 141
59 142
48 143
9 147
66 156
74 163
96 174
69 175
55 185
46 199
16
13 2
22 33
10 48
56 49
87 50
14 53
96 54
81 71
29 87
11 89
27 152
43 165
67 184
8 187
48 194
73 198
16
10 10
30 21
5 29
49 45
5 49
58 51
71 59
67 71
41 91
3 108
55 119
97 154
53 169
4 182
23 194
76 199
17
84 6
10 33
89 51
13 53
62 76
83 80
54 95
26 102
58 114
15 123
64 125
87 126
31 153
93 156
23 162
14 168
27 189
21
52 4
53 12
47 15
86 16
21 17
92 25
48 30
70 32
74 35
91 49
74 63
79 76
30 78
28 93
57 127
8 137
45 147
10 176
78 180
93 189
44 190
29
68 2
58 7
74 12
75 16
43 20
54 23
46 30
48 35
53 40
87 41
9 42
8 52
38 56
20 73
26 83
34 90
92 95
85 104
5 108
92 110
92 114
64 116
78 118
40 127
52 136
54 143
34 172
54 193
93 196
12
84 9
25 11
79 50
4 86
5 96
96 108
42 112
78 149
64 169
91 178
28 179
53 195
14
33 1
8 20
77 31
47 50
54 57
43 62
12 77
91 79
70 93
47 108
5 122
14 142
39 143
31 179
19
4 9
81 14
88 31
79 36
22 47
21 49
54 50
37 64
36 79
29 87
94 88
78 96
76 98
10 107
65 131
69 139
76 173
46 188
22 191
25
97 2
70 23
43 25
89 35
33 47
11 54
67 66
5 72
66 78
23 79
40 81
54 83
20 96
73 104
1 108
33 117
53 119
82 121
92 126
66 141
64 161
27 173
73 175
83 180
73 189
19
80 3
3 12
89 27
39 47
48 77
21 83
47 84
83 86
62 88
79 92
66 99
49 104
36 111
42 119
24 121
65 140
10 179
91 184
13 193
13
87 2
69 21
74 33
5 81
39 83
24 126
38 131
75 136
98 149
42 151
17 159
95 169
56 170
20
92 9
35 24
50 27
90 31
29 44
30 47
97 58
63 60
59 79
99 98
60 105
18 112
45 126
96 131
66 139
59 150
91 159
20 163
98 171
92 190
19
65 0
58 2
4 5
51 14
19 28
88 47
82 51
41 66
16 67
16 70
48 73
2 84
3 91
32 99
48 125
38 135
18 136
46 147
33 170
18
12 6
47 25
14 31
63 60
65 72
32 89
73 98
63 112
24 121
21 129
78 139
48 142
4 143
2 154
80 162
69 180
11 183
26 188
15
29 0
54 8
74 15
91 24
67 29
78 42
1 44
21 60
51 61
81 76
80 79
54 80
3 104
88 110
12 148
13
67 12
33 30
15 43
70 48
88 67
68 123
21 126
79 150
11 155
40 163
24 172
95 174
98 180
14
97 13
71 22
63 45
99 57
54 60
11 86
26 106
76 126
92 143
3 151
70 174
18 181
61 184
45 186
22
42 2
8 6
34 9
37 12
1 15
4 22
92 24
43 35
50 39
70 40
7 41
6 42
93 62
28 65
81 88
27 95
98 122
87 125
33 164
61 174
69 179
45 193
21
45 11
52 18
44 48
19 50
11 55
4 57
60 68
75 74
20 75
4 84
9 93
93 95
79 96
42 111
87 126
97 129
91 143
67 152
51 162
13 174
31 175
22
34 3
98 10
61 24
2 28
22 30
59 38
7 46
43 60
24 61
53 66
91 79
71 94
79 97
39 102
34 107
82 113
98 118
8 140
94 150
10 174
19 178
57 183
24
57 1
87 3
6 24
45 30
13 57
4 59
79 65
97 71
58 72
80 80
100 93
74 96
28 102
15 104
65 108
21 116
64 127
44 137
27 148
74 152
45 155
34 171
91 174
7 192
18
72 8
55 9
51 17
61 25
51 33
33 58
69 59
36 75
14 82
98 109
13 135
92 147
69 152
51 174
57 192
52 193
76 198
97 199
17
17 34
81 39
43 42
20 46
75 49
84 50
37 61
41 73
91 86
99 110
90 126
42 149
70 169
62 177
98 178
23 187
46 191
17
18 10
70 28
73 38
71 45
46 53
22 56
24 65
16 75
92 97
70 118
87 135
79 142
91 145
6 150
8 169
67 175
66 198
19
12 27
16 37
51 44
95 54
8 55
41 63
66 67
75 71
53 76
43 79
77 85
57 95
7 97
71 104
54 122
82 131
71 143
30 185
70 195
16
93 3
2 9
53 10
95 38
13 48
65 62
6 68
21 78
19 114
43 118
57 135
87 160
10 183
43 196
37 198
28 199
30
40 4
4 5
18 6
75 9
96 10
29 31
29 35
25 42
57 60
66 62
84 64
26 71
51 81
41 83
90 85
53 92
64 97
33 114
84 122
97 126
78 129
57 133
45 151
86 160
7 166
36 177
6 178
55 194
74 195
91 198
18
15 8
71 10
71 13
88 15
93 24
73 39
90 70
94 73
87 76
25 84
16 107
34 119
100 123
24 134
21 164
75 170
18 192
18 193
16
24 8
62 39
47 53
88 59
40 79
31 83
33 95
30 97
82 104
53 114
55 115
48 131
8 143
18 155
10 173
22 181
24
24 3
69 12
85 14
31 21
35 27
1 49
19 62
24 68
78 74
100 81
87 83
57 86
52 130
31 133
24 140
73 150
61 153
72 168
61 173
7 177
36 178
94 185
75 192
94 194
15
10 6
50 10
88 55
14 65
75 84
50 93
5 118
5 121
82 127
18 133
31 146
84 149
56 150
43 161
55 177
14
19 8
30 10
55 37
89 40
30 44
90 65
54 68
46 83
91 96
34 105
33 116
13 136
52 163
99 181
20
72 2
89 29
51 38
60 47
100 49
29 79
14 83
80 86
88 91
16 94
5 106
97 113
95 117
99 133
74 150
28 158
72 168
65 176
82 181
23 187
13
16 24
23 40
70 62
31 86
91 102
85 114
27 125
99 141
30 144
65 177
92 183
85 195
35 197
19
51 4
78 16
92 21
4 47
42 55
24 61
45 62
19 66
92 118
16 122
58 143
23 149
89 155
39 163
83 164
82 172
26 181
59 189
62 198
22
11 7
38 8
45 17
8 22
81 36
67 43
25 49
69 55
52 58
98 60
57 70
87 80
2 87
59 100
74 105
85 110
37 118
82 132
34 133
30 144
6 157
39 189
14
22 2
39 12
58 34
11 39
93 53
100 61
55 71
57 92
3 97
69 116
93 121
88 145
73 150
79 174
16
86 2
17 5
51 14
90 73
16 76
42 94
80 95
66 98
97 109
1 117
50 145
47 171
39 174
86 177
66 178
74 192
20
14 6
76 22
48 28
13 37
9 43
77 61
60 68
84 77
18 89
60 91
15 100
30 103
99 143
56 155
83 171
37 175
52 176
82 183
40 185
86 197
17
40 26
62 31
91 41
12 42
54 47
64 48
65 68
5 81
26 89
84 91
82 94
87 119
83 122
34 137
92 149
79 165
84 172
22
56 23
94 26
13 27
70 40
39 42
21 64
10 72
45 74
68 78
64 85
30 91
86 97
21 117
11 121
65 134
46 142
42 151
29 173
6 175
17 193
63 195
75 196
14
1 6
85 32
61 51
21 59
60 66
1 111
4 126
9 127
79 133
49 148
2 157
14 168
40 170
13 180
13
93 11
61 26
55 34
74 80
17 81
79 100
20 125
8 141
90 167
7 177
43 178
78 181
73 188
17
39 11
16 21
39 22
73 28
52 34
1 68
73 70
72 73
22 85
95 97
95 125
20 131
3 132
65 137
79 165
52 166
21 182
10
100 4
79 9
12 17
35 20
2 53
68 65
91 99
86 130
94 180
83 190
17
21 17
48 23
88 26
58 34
27 46
48 59
74 60
24 102
88 109
12 121
74 146
95 147
60 149
62 164
83 183
76 185
3 188
13
28 20
69 99
80 110
54 113
64 117
5 124
79 129
49 147
96 163
61 185
9 187
86 189
33 196
13
96 6
69 54
16 61
54 69
60 111
70 119
42 133
60 134
45 142
6 174
57 179
48 196
47 198
22
18 0
22 3
19 9
30 13
47 16
39 18
31 25
84 26
81 27
12 58
30 59
75 60
3 82
51 83
52 119
86 127
27 130
31 134
69 147
55 166
60 188
71 189
21
30 5
71 14
80 20
68 26
61 54
71 68
11 69
67 71
39 82
43 83
3 89
89 91
12 105
86 125
90 134
34 144
63 149
13 154
66 172
29 184
51 191
16
42 4
64 13
64 41
42 48
33 71
82 101
21 116
67 120
33 125
50 131
81 141
38 145
96 157
1 163
53 177
86 197
19
79 10
42 12
92 24
44 29
70 43
79 50
18 63
41 71
56 76
76 93
36 105
8 124
2 125
74 127
41 141
43 146
22 152
59 167
13 180
14
56 1
4 10
71 17
88 33
15 35
91 42
99 62
71 64
11 91
27 105
43 149
12 162
35 181
78 188
16
67 18
27 24
39 26
71 35
92 54
93 66
86 73
53 91
71 138
32 140
97 149
95 155
98 171
5 179
37 184
78 194
20
56 2
51 6
57 11
54 18
55 20
70 25
67 33
96 45
72 57
11 64
66 81
15 85
57 94
31 112
91 136
83 149
11 151
89 159
10 179
11 189
18
5 24
38 50
39 57
74 59
34 60
76 62
34 79
96 105
23 121
90 128
44 140
65 156
23 159
33 162
93 165
60 168
35 172
78 193
18
31 1
57 11
51 12
40 19
10 33
56 67
75 85
14 95
94 101
47 106
48 117
59 132
14 142
13 153
51 183
30 188
75 190
33 198
15
61 2
74 14
58 35
81 38
100 52
15 88
68 103
79 127
96 145
31 155
1 156
91 174
34 178
59 180
7 189
15
38 17
93 25
67 27
76 48
23 65
27 75
62 77
26 78
55 83
86 103
42 110
57 111
26 155
52 163
13 187
18
65 18
10 21
84 23
79 31
15 38
1 53
9 69
71 80
59 89
40 106
17 122
1 126
43 132
12 139
49 140
47 156
90 168
20 172
17
23 25
85 30
21 39
100 82
40 88
17 91
65 100
13 106
93 122
78 141
74 143
54 153
27 158
2 160
56 161
66 189
51 194
19
21 4
82 13
91 17
91 60
67 65
22 73
56 90
6 98
88 118
78 120
73 128
33 132
12 137
64 158
16 168
85 169
74 171
90 178
79 182
18
33 4
66 10
70 12
11 17
70 22
5 54
75 64
6 66
93 94
41 106
22 115
42 141
50 142
66 150
47 171
82 190
1 192
35 197
14
63 3
88 30
33 36
68 56
62 63
5 93
20 95
62 121
36 133
46 143
9 145
90 156
51 172
52 196
11
76 8
66 41
89 57
67 62
25 78
15 83
5 99
97 110
59 114
49 135
53 167
16
96 9
45 18
78 24
84 26
89 33
24 34
25 53
84 62
14 71
47 72
35 90
82 135
43 156
89 161
4 163
67 166
14
39 43
79 50
49 75
86 83
92 85
36 88
93 92
85 109
51 129
97 143
35 168
48 173
79 177
47 195
17
86 17
36 60
34 69
66 87
92 89
63 96
3 103
7 124
56 136
80 144
97 157
88 159
26 169
94 173
66 186
20 191
82 194
16
33 5
7 36
98 45
89 61
91 64
98 68
42 72
58 97
25 107
29 114
40 115
6 126
77 132
60 136
54 173
19 179
19
94 17
83 18
62 20
40 29
9 37
41 101
40 105
32 124
87 153
9 172
15 176
7 178
8 179
63 180
34 184
94 189
29 196
72 198
22 199
17
19 10
35 17
86 20
5 26
29 33
57 40
27 49
77 58
58 61
78 87
26 90
42 102
20 124
70 130
52 147
70 172
65 194
22
54 3
7 5
46 20
27 22
21 25
21 33
24 43
3 46
9 49
81 60
96 63
100 73
11 93
52 99
100 108
4 115
87 124
57 127
74 144
29 149
65 159
86 192
21
41 3
76 7
3 28
7 30
10 38
67 43
29 45
83 68
58 84
48 95
35 110
90 112
33 117
52 126
70 148
18 150
42 154
33 163
35 173
85 174
69 199
22
76 13
44 20
20 22
55 24
69 32
52 40
58 45
84 59
40 64
71 75
76 84
49 104
44 105
49 122
90 149
19 154
91 164
89 165
77 176
52 178
54 180
63 181
16
64 2
99 18
97 26
75 32
23 42
12 49
36 58
17 71
26 88
52 114
79 115
73 121
73 127
95 140
9 150
74 195
18
66 14
4 22
38 23
7 29
34 45
80 56
48 60
70 72
69 97
16 99
92 108
48 109
100 114
94 116
100 133
84 148
59 157
12 170
18
7 17
94 20
82 21
2 22
41 30
75 38
5 48
47 62
42 88
65 106
1 129
62 134
39 138
3 139
49 169
49 175
53 177
59 185
22
87 10
8 13
10 23
70 25
28 40
17 62
35 64
47 66
12 75
68 80
74 123
17 129
34 143
7 147
81 151
44 155
79 164
67 176
12 177
6 178
31 179
81 189
12
37 23
11 47
80 75
46 89
91 97
60 120
30 124
69 125
56 137
38 138
73 163
93 164
22
41 11
39 39
100 41
58 47
12 51
54 66
31 78
97 92
61 99
43 100
16 109
67 115
41 117
87 127
71 139
95 155
79 159
87 164
42 172
11 179
39 183
36 188
16
98 16
29 20
4 45
1 55
30 59
40 68
53 70
30 74
16 79
57 85
65 113
74 142
99 144
69 157
30 161
67 181
13
19 24
21 26
28 28
3 31
7 37
54 38
79 56
65 76
71 84
51 91
8 124
21 126
73 149
21
1 5
67 14
60 32
33 74
75 75
16 82
55 91
88 93
18 95
59 101
22 107
70 110
40 123
71 153
85 163
21 172
99 180
77 188
29 193
43 196
69 197
16
40 4
77 9
51 11
87 14
57 49
50 57
84 69
97 84
68 100
6 103
74 113
46 121
96 141
56 161
14 176
61 178
26
41 10
76 18
14 26
58 34
85 39
6 64
28 65
18 74
43 77
65 82
37 83
16 88
50 100
44 114
45 119
92 138
87 146
26 161
19 163
73 168
59 169
1 173
88 176
64 183
13 190
10 194
11
24 2
67 8
4 39
32 60
1 65
56 88
39 100
40 107
91 150
20 166
24 177
22
22 3
37 15
7 17
17 18
35 51
51 59
26 68
72 75
91 79
47 107
36 116
70 120
41 126
66 129
59 137
99 147
55 153
60 159
33 165
26 166
51 186
30 191
24
44 20
50 24
55 25
74 31
42 37
25 41
26 48
75 59
78 77
52 79
7 83
52 86
27 90
90 110
64 113
73 116
4 128
24 153
90 156
2 171
79 178
48 186
80 198
84 199
24
29 1
5 4
47 13
58 24
60 28
46 71
29 80
9 85
48 88
69 95
70 111
92 114
42 116
54 117
54 118
39 123
26 124
53 146
74 151
49 162
71 164
54 188
81 194
77 199
15
18 22
99 29
44 32
11 35
9 36
63 39
69 56
48 63
86 77
100 82
34 120
83 158
50 171
75 192
78 198
16
34 8
39 40
59 59
84 105
13 106
56 110
25 113
38 115
66 127
76 132
5 142
58 143
7 148
2 169
19 171
44 194
21
36 5
8 8
88 10
96 36
55 40
88 55
100 69
92 79
45 94
81 105
49 108
67 115
80 118
81 127
67 133
5 145
77 148
100 185
63 186
84 188
99 191
14
15 4
72 25
38 57
82 61
12 69
3 73
70 137
73 163
37 166
37 169
68 172
44 176
16 185
32 198
17
65 11
57 12
26 16
98 18
83 34
8 41
85 44
74 59
64 78
5 85
8 122
17 159
18 162
40 170
57 175
48 177
43 179
16
31 7
45 13
67 27
59 62
77 78
6 79
85 85
45 93
8 103
56 116
66 120
82 124
98 137
28 159
43 170
78 189
18
30 1
54 44
84 66
42 101
53 103
14 105
50 121
94 129
94 130
52 132
95 133
51 136
66 146
58 149
9 159
51 165
70 184
36 187
18
50 18
78 31
66 43
9 47
45 71
60 80
85 81
94 95
43 108
40 130
7 142
81 144
73 147
7 157
72 159
97 169
20 183
47 189
13
36 11
75 20
78 25
71 29
92 49
47 62
69 75
48 107
11 114
69 133
98 184
67 189
40 192
15
44 17
24 21
99 33
25 74
59 86
37 88
64 112
1 127
28 143
96 144
40 148
11 155
43 169
73 193
25 195
18
49 23
88 29
24 32
77 49
4 61
92 83
55 85
83 87
55 100
99 119
74 134
90 136
86 137
11 157
53 165
20 175
2 179
89 197
25
13 1
5 7
83 12
31 20
83 24
81 27
78 45
64 49
34 53
57 56
60 69
66 88
94 96
57 97
15 104
8 105
61 115
9 117
78 126
55 127
47 138
77 142
89 159
19 165
34 198
29
20 6
23 20
80 38
57 47
86 53
66 57
51 59
100 63
10 77
75 83
39 90
19 107
97 116
16 126
60 128
73 132
53 134
99 138
5 143
75 152
37 164
91 171
48 179
94 183
86 184
13 188
72 190
26 194
61 195
19
32 25
84 33
8 52
32 53
84 54
17 62
53 64
38 68
57 83
27 89
89 92
45 93
84 97
49 101
75 114
87 127
10 138
68 139
59 170
23
28 0
57 1
6 5
67 6
85 14
98 16
32 19
67 23
31 35
44 49
42 62
12 83
36 87
84 108
58 128
47 136
16 147
7 164
41 167
93 173
48 174
55 179
39 189
16
76 4
34 8
40 21
60 36
55 69
63 79
21 94
82 97
32 120
92 137
2 146
44 160
80 170
30 173
34 190
85 192
9
4 25
32 65
35 70
38 80
90 96
15 127
61 137
48 171
63 175
15
43 12
1 21
58 39
50 54
10 58
94 68
62 105
47 110
71 119
6 136
100 137
95 141
87 154
85 168
81 194
18
39 18
86 51
100 52
66 66
49 78
49 84
86 99
46 101
69 105
30 107
1 137
73 145
95 146
13 152
36 178
34 182
94 185
68 199
15
90 16
83 56
52 61
44 69
60 71
6 73
58 94
70 102
23 103
73 123
26 147
25 151
92 164
47 189
35 198
17
70 4
16 19
33 45
74 46
42 85
56 97
28 98
18 103
6 107
88 117
1 119
70 137
89 139
12 144
3 164
73 177
39 193
11
19 5
36 76
60 111
77 114
80 134
1 140
72 144
98 148
2 163
10 176
47 177
21
86 10
45 11
27 15
89 28
56 70
12 79
69 82
6 92
22 103
3 113
41 127
9 128
30 132
33 139
78 152
3 163
22 168
21 172
53 177
19 180
88 182
19
84 17
30 21
38 26
27 28
18 35
92 47
27 48
17 54
11 64
42 71
71 79
14 87
21 89
11 95
37 128
92 130
36 180
83 186
74 193
23
36 44
18 53
26 56
68 70
43 81
3 99
12 100
12 101
90 105
7 109
65 116
38 123
63 140
23 143
40 145
40 151
40 159
20 161
70 165
51 173
97 187
33 192
81 193
14
68 28
15 35
44 42
65 51
26 54
41 89
88 101
94 103
100 108
94 117
77 127
75 166
17 175
9 195
23
27 5
12 8
28 24
56 25
47 26
81 31
90 38
68 51
36 57
38 58
6 70
24 75
83 78
18 85
87 93
99 102
59 108
10 115
96 152
80 158
56 182
74 192
56 196
15
25 10
98 13
73 16
13 29
3 33
42 38
41 42
99 72
6 76
24 100
30 122
13 151
99 184
63 190
7 193
17
92 29
37 31
72 33
44 50
65 62
99 87
25 94
37 126
3 138
84 144
21 154
2 168
98 178
69 185
10 189
30 190
20 194
20
33 13
17 25
24 39
6 56
21 79
80 93
61 100
59 102
96 109
79 127
71 136
40 157
16 159
47 160
57 166
65 172
91 176
38 178
26 180
46 196
26
57 13
100 16
77 19
33 24
19 38
22 50
26 58
68 61
77 62
92 67
93 71
49 84
3 90
93 102
82 107
83 128
66 129
80 134
92 144
4 148
57 151
34 166
68 171
100 183
12 184
43 193
24
3 4
74 5
67 18
95 23
42 28
6 39
3 47
90 55
48 67
77 72
37 74
91 77
65 86
3 88
39 92
73 98
95 99
87 118
24 126
57 127
79 135
48 140
13 145
8 154
20
75 7
14 12
51 13
53 18
37 20
3 50
12 51
6 53
82 73
25 74
9 89
78 111
64 117
91 120
36 131
55 134
16 139
22 177
54 180
48 199
16
52 1
21 13
77 24
78 46
96 55
98 82
39 85
69 95
18 106
45 115
62 116
94 120
68 140
70 144
19 147
39 148
20
72 3
23 8
46 11
43 18
76 20
35 33
20 57
39 79
67 87
58 92
27 116
36 118
28 124
49 126
86 132
52 133
88 167
77 181
36 194
26 195
18
23 7
88 14
21 37
83 44
2 47
64 68
18 75
65 80
37 81
72 98
77 124
78 140
82 146
78 151
81 171
61 177
11 191
62 197
21
98 3
32 5
34 35
90 52
96 60
78 80
56 85
52 88
81 91
32 93
71 100
56 101
43 121
69 131
38 139
34 147
64 159
63 160
9 185
25 193
83 196
31
25 2
35 4
88 10
44 25
3 36
93 39
37 43
22 51
20 55
99 61
75 71
45 75
6 93
69 97
76 108
24 117
84 122
62 125
22 128
7 133
87 137
95 138
69 152
2 154
19 161
37 162
4 164
99 168
29 187
88 188
5 196
12
32 1
68 5
90 9
39 84
43 94
63 100
92 109
91 127
72 133
2 140
54 147
30 186
25
17 8
76 17
36 22
7 35
48 39
64 44
98 70
21 84
63 86
10 87
25 90
4 91
28 95
67 111
65 120
56 130
94 141
8 148
87 149
11 151
76 166
80 169
7 171
63 174
69 183
20
30 0
11 10
20 11
86 12
91 39
28 74
53 109
8 132
50 138
9 139
50 140
39 147
76 150
43 159
96 175
79 179
13 180
17 186
38 192
20 197
20
56 19
82 23
70 46
92 50
26 57
90 62
58 89
4 97
88 105
4 106
75 123
100 125
86 132
9 152
57 163
73 169
23 171
63 177
83 178
70 192
13
96 6
3 30
65 43
94 52
76 93
36 118
64 125
46 130
93 132
58 134
79 159
99 168
48 177
25
86 0
47 3
92 16
23 22
45 29
1 32
82 33
13 47
14 70
34 88
66 97
79 98
41 101
40 107
15 123
34 128
36 140
47 143
56 149
50 169
23 170
81 189
12 190
26 192
45 199
22
84 1
80 22
93 25
25 29
14 46
71 60
36 63
17 79
31 87
99 89
17 91
62 98
11 113
78 126
94 128
10 139
14 152
93 153
67 155
23 162
56 163
54 195
19
37 24
61 48
57 51
25 58
89 62
29 69
75 93
68 95
13 114
51 116
95 119
49 133
33 137
41 153
16 155
32 174
67 184
57 185
24 189
200
18
88 4
66 11
45 24
72 40
96 51
4 69
30 74
3 75
26 78
92 91
4 98
27 99
30 117
29 127
87 134
83 143
75 146
65 149
