300
300
9
60 2
95 10
53 65
62 107
2 185
97 200
51 212
73 215
29 229
15
21 5
2 9
43 13
52 32
51 82
63 100
6 107
13 135
48 138
80 189
6 209
4 216
84 218
33 225
41 245
10
16 19
72 63
26 73
33 83
7 109
95 145
23 201
2 227
68 251
22 261
14
94 14
37 87
30 106
73 111
9 113
62 122
23 137
16 164
6 169
35 182
25 189
40 208
29 264
97 266
11
59 20
65 41
14 48
14 91
84 144
88 151
11 165
91 182
72 209
100 269
2 287
11
96 17
18 24
49 38
95 113
59 175
98 176
43 193
17 233
21 237
76 256
67 266
12
83 60
93 63
18 65
12 77
39 80
7 141
89 161
68 169
13 191
24 254
52 272
39 280
19
94 41
5 45
33 47
91 72
80 88
25 94
46 117
36 122
11 137
11 143
60 157
96 170
33 177
76 178
3 204
34 220
55 251
83 267
39 283
12
39 21
70 23
2 43
95 46
77 48
84 77
83 87
31 102
72 133
97 150
56 229
71 239
9
83 0
51 19
55 24
39 58
33 99
69 113
61 126
96 130
4 258
14
21 59
39 74
22 109
11 116
12 137
67 174
3 175
57 196
5 205
66 216
10 222
36 225
93 270
84 271
14
73 10
6 37
54 50
16 56
71 63
81 93
21 161
77 163
15 173
47 248
79 256
73 268
32 283
90 288
10
62 36
88 39
17 95
77 97
21 126
10 134
50 145
5 163
93 167
12 237
6
85 2
34 7
26 132
9 235
87 242
84 256
16
42 3
57 22
42 23
54 46
11 75
84 78
6 79
77 80
21 92
65 100
13 117
95 146
73 156
94 182
5 250
75 263
13
68 1
6 12
37 28
2 35
11 45
88 51
82 79
12 94
64 152
18 198
36 219
83 249
55 284
11
7 2
50 6
45 15
42 21
23 46
14 63
3 65
66 102
95 160
20 224
18 276
13
7 10
62 67
60 85
45 121
19 185
23 195
80 203
26 212
72 226
100 231
96 251
77 253
74 262
16
22 4
9 29
38 36
48 102
52 110
19 169
6 171
46 186
51 187
92 205
50 225
6 234
29 235
41 243
14 253
93 280
13
63 5
86 9
84 41
24 49
53 95
87 106
37 144
60 196
34 211
74 212
19 231
16 261
46 276
16
47 14
54 51
59 61
3 104
25 105
62 118
43 129
88 136
31 192
94 207
32 212
62 217
52 229
11 239
80 250
70 270
14
16 5
56 26
23 43
4 69
99 102
5 122
46 177
9 191
89 206
42 208
79 210
93 219
31 265
60 299
14
58 16
16 50
73 66
89 96
57 102
63 123
42 134
86 136
23 189
80 198
40 206
95 248
95 255
67 273
18
58 19
71 46
42 55
15 61
90 72
17 106
82 110
14 118
9 129
70 171
10 175
13 188
77 190
51 221
5 241
72 255
60 257
39 262
8
21 52
4 61
99 69
12 126
95 223
18 239
92 264
58 295
11
68 32
80 54
67 81
52 116
23 124
45 186
61 199
50 242
95 252
83 255
9 277
10
99 54
40 98
93 148
81 163
39 187
13 189
18 224
59 225
86 254
13 291
16
99 27
50 41
17 63
72 78
73 139
64 154
39 174
33 175
77 176
55 188
39 193
17 215
85 226
32 270
28 280
62 296
6
15 17
78 144
82 159
74 277
58 291
63 292
14
23 6
52 18
6 53
96 71
17 88
3 103
69 144
81 152
36 175
59 191
53 195
27 200
14 243
35 261
7
58 9
47 15
57 50
26 74
99 249
28 250
39 261
10
18 73
50 77
1 84
45 104
66 121
95 170
32 221
15 236
40 246
45 272
8
51 23
11 24
20 157
82 164
68 213
85 252
4 280
99 285
15
76 22
87 24
45 44
62 45
25 46
51 81
67 100
88 106
63 118
83 134
80 175
43 213
98 214
41 259
57 273
17
72 3
12 27
52 68
52 73
58 104
27 134
21 142
73 174
57 190
89 208
88 209
37 222
41 237
19 241
27 271
26 277
55 282
11
16 51
51 74
3 101
85 108
31 120
80 125
21 145
98 192
45 254
66 269
14 293
7
65 34
86 131
12 162
30 222
87 261
45 264
82 267
12
22 12
53 79
85 112
32 132
79 149
45 170
63 206
14 215
2 249
87 268
5 288
43 298
10
33 50
97 52
37 82
38 90
10 94
35 126
46 137
5 195
51 209
22 276
20
58 28
82 58
34 82
39 90
60 95
3 108
59 117
92 120
21 131
11 148
33 152
26 169
51 189
21 191
26 195
80 212
94 216
45 238
64 255
7 257
13
78 42
31 93
24 100
90 109
71 128
85 133
48 144
93 166
57 172
84 179
99 249
56 280
85 282
10
28 1
18 12
92 33
19 38
94 83
57 111
52 145
71 146
76 221
56 235
14
95 28
13 33
47 42
88 47
26 79
9 101
76 166
25 188
4 217
7 231
49 234
48 239
97 257
54 295
12
35 1
19 40
77 55
30 110
63 124
56 135
98 137
37 145
14 164
96 169
36 264
37 289
16
61 30
39 33
66 40
12 47
51 73
20 75
23 102
38 103
93 135
75 164
47 208
24 239
44 264
86 272
53 295
47 299
17
35 0
81 15
36 24
38 29
33 67
44 76
83 93
23 126
7 130
46 228
31 231
29 233
87 240
52 244
71 274
81 289
42 297
11
29 7
18 12
89 19
80 26
70 33
87 46
78 87
82 95
92 124
71 163
69 202
13
59 7
51 44
10 63
37 119
76 125
13 148
35 149
40 167
50 169
29 187
71 194
47 259
46 287
8
27 19
32 43
61 90
32 113
91 130
22 147
86 161
5 195
9
33 19
60 25
4 30
66 38
7 134
52 188
7 264
37 266
39 282
12
29 30
8 52
4 70
99 135
85 138
75 139
55 148
13 163
89 221
53 224
27 266
44 279
12
100 53
24 55
63 125
79 133
37 142
51 168
21 199
47 218
70 231
85 269
15 286
48 288
17
100 1
71 4
91 18
56 36
34 61
60 70
52 86
32 147
87 155
32 181
6 183
82 188
26 198
10 217
54 226
54 260
74 294
19
53 32
46 54
67 81
52 82
64 98
8 122
90 129
57 159
89 163
19 175
84 188
53 199
27 211
11 233
29 253
84 262
19 267
74 274
96 281
11
32 3
69 6
56 17
54 144
80 153
70 154
36 187
59 198
54 207
50 265
50 278
8
21 16
97 104
86 135
23 141
66 145
97 167
47 174
14 261
11
89 9
84 41
38 57
20 86
97 102
57 141
54 168
11 199
46 203
18 250
69 274
15
45 7
95 13
82 35
6 55
93 159
17 168
34 173
90 190
31 221
18 235
44 242
8 247
93 253
51 271
83 288
10
84 5
34 21
84 27
35 44
72 57
38 100
4 141
87 199
12 252
65 268
10
78 30
16 115
48 127
99 162
38 200
75 205
2 215
17 220
97 223
11 259
13
67 11
83 44
81 51
45 62
91 71
46 114
89 130
91 135
70 169
59 196
97 230
22 269
88 288
10
28 24
18 54
9 84
64 89
99 133
74 142
70 149
46 212
78 253
9 290
10
13 26
19 66
99 137
10 144
2 166
16 169
55 172
75 179
2 195
50 291
15
85 6
27 12
99 18
28 30
96 100
17 103
94 116
45 130
32 138
27 141
96 150
51 167
15 178
40 180
18 247
15
71 17
43 32
71 45
22 61
65 63
88 89
6 108
86 125
42 149
89 170
70 213
30 218
98 248
45 289
23 294
16
25 18
50 29
72 37
19 67
51 80
20 108
17 161
35 173
19 202
32 223
19 242
18 249
20 251
72 255
55 281
65 296
10
45 6
86 50
73 105
46 143
28 148
38 199
79 270
41 276
89 284
12 296
17
61 17
46 38
70 47
91 59
100 60
52 64
37 88
45 94
2 111
16 146
78 150
56 152
95 159
25 186
25 195
94 200
79 219
18
87 2
69 5
33 14
9 73
45 89
97 104
36 110
68 119
13 148
27 171
15 187
69 189
59 190
58 215
19 255
20 257
35 261
16 289
11
99 32
89 66
95 80
97 105
17 129
42 176
13 249
20 257
4 259
27 266
5 273
7
94 98
5 158
40 200
42 204
11 215
93 235
24 277
14
2 7
49 45
19 48
20 56
9 67
90 69
44 97
40 106
90 121
18 132
23 136
11 213
88 224
15 247
16
85 7
99 16
72 45
38 79
26 87
40 89
45 95
74 102
20 123
59 181
73 210
29 241
36 256
1 270
79 292
13 293
8
37 27
71 74
44 118
87 130
94 131
41 169
59 255
9 285
13
1 3
52 25
39 77
2 82
35 101
16 129
40 132
77 147
43 188
21 202
34 233
5 269
40 270
16
53 23
72 42
5 56
40 83
89 99
21 115
89 174
4 177
33 194
57 197
12 198
29 225
99 236
71 269
36 270
31 279
10
11 22
65 161
100 171
60 194
1 207
57 215
29 217
41 232
87 246
2 263
18
44 5
99 19
23 23
35 35
92 56
69 65
70 79
46 86
76 101
21 128
21 177
46 192
16 198
44 200
6 234
9 255
99 272
34 290
10
97 68
61 87
94 106
17 147
50 153
20 162
39 199
51 220
71 284
92 292
11
94 35
13 113
60 129
39 155
3 189
81 190
87 208
4 227
30 246
16 282
80 289
13
23 17
90 53
30 122
31 125
43 142
30 154
56 158
17 178
98 206
54 207
28 221
45 222
51 286
13
92 2
51 18
95 31
76 47
27 53
55 82
97 129
88 146
61 158
91 160
5 171
38 278
85 297
11
49 6
27 7
67 65
94 133
52 141
41 149
90 168
20 182
90 192
89 223
95 299
14
85 1
41 24
22 35
76 73
43 77
58 94
93 118
82 119
89 176
51 188
12 212
82 270
13 281
18 296
7
8 6
4 109
18 134
49 167
44 219
64 269
49 280
6
6 66
52 75
40 159
19 164
86 186
11 193
16
76 18
49 20
95 51
57 75
34 92
20 126
64 155
2 170
65 172
21 188
85 191
31 227
10 260
27 261
28 282
35 286
12
35 57
4 71
9 76
63 86
86 102
36 149
89 150
43 163
88 221
60 228
38 237
48 247
11
55 11
96 117
51 149
4 163
56 200
86 206
16 220
55 245
72 251
60 265
46 292
12
94 7
66 11
50 28
15 46
55 72
19 83
63 95
11 131
76 140
1 147
64 196
99 211
9
14 22
96 24
26 78
3 122
16 126
10 163
63 198
93 203
38 272
11
37 59
66 77
12 82
49 95
44 115
8 194
12 202
98 211
60 234
1 286
27 292
11
90 12
21 17
95 55
98 61
6 89
14 102
91 136
59 147
25 156
90 212
45 290
14
4 41
33 43
8 47
99 50
3 56
39 84
69 113
22 115
11 149
8 198
75 213
16 237
57 279
86 296
7
20 28
16 111
18 113
73 135
95 199
25 250
32 273
16
52 6
41 18
90 19
70 58
71 62
13 84
71 89
18 104
59 125
14 134
73 135
56 155
68 178
5 195
95 209
20 270
8
75 0
29 16
26 23
29 93
52 106
83 156
14 246
21 285
9
24 35
30 39
6 40
57 52
91 139
34 155
58 158
32 237
27 259
14
3 16
18 63
12 68
11 104
65 117
79 149
91 174
73 184
36 215
69 229
98 244
59 257
91 258
94 278
16
43 13
44 20
17 37
95 47
24 59
91 82
37 118
16 124
85 155
88 174
16 185
46 190
88 235
35 252
90 291
13 297
12
33 14
70 63
35 88
49 119
64 149
19 177
81 216
65 247
98 254
30 265
97 289
54 298
10
20 8
83 14
44 20
91 45
97 50
18 83
98 202
41 209
77 238
41 287
16
10 16
99 26
18 32
89 57
83 59
4 128
27 131
99 149
50 175
11 230
79 267
12 269
94 273
20 282
92 284
17 287
17
15 3
87 36
71 83
98 92
61 105
32 126
87 147
3 152
63 168
59 188
90 196
27 208
93 224
76 245
37 247
61 267
100 299
13
44 7
14 12
15 21
79 26
48 40
30 77
90 89
4 146
51 149
33 186
100 253
56 257
33 286
7
12 39
82 44
2 123
90 169
22 219
86 224
74 267
10
77 0
53 3
70 98
90 109
65 134
75 143
64 162
31 190
69 243
67 276
22
26 3
43 13
87 35
4 38
29 42
3 48
99 73
9 139
14 151
75 167
67 169
72 181
38 186
52 190
70 202
68 224
94 252
22 258
85 276
99 279
51 289
25 297
14
81 56
10 95
19 106
82 114
33 116
66 128
77 134
43 141
8 151
81 192
35 195
44 289
97 293
82 299
13
43 23
10 30
1 34
1 64
86 66
94 70
30 71
37 80
76 158
40 180
5 241
42 261
61 265
14
58 14
73 47
99 66
45 83
67 88
66 102
3 122
46 139
89 143
44 145
51 201
3 210
5 227
19 274
11
44 20
92 70
61 84
78 96
47 101
12 118
34 130
99 165
88 264
25 267
76 294
13
21 3
97 24
45 63
27 78
39 79
63 88
38 128
70 134
4 165
78 217
13 223
91 226
63 265
7
78 11
37 130
28 150
25 164
68 174
41 197
75 293
7
65 132
12 144
90 153
40 162
91 209
36 226
22 246
19
83 10
99 33
65 34
53 37
41 42
60 44
100 65
60 69
79 114
29 116
71 152
85 162
51 217
46 221
21 233
76 253
59 275
41 277
41 298
16
89 5
38 27
20 35
49 41
88 54
35 71
3 78
23 123
53 144
15 149
94 172
68 182
76 201
46 270
33 274
36 277
13
2 4
63 9
92 13
19 44
82 56
97 147
19 150
65 172
88 176
23 193
12 209
95 218
61 297
14
95 71
11 80
34 99
41 113
90 137
90 158
50 186
4 210
46 217
15 220
52 250
37 266
67 267
65 270
10
14 16
11 48
76 107
29 126
37 129
15 131
10 182
10 224
46 234
58 286
10
35 32
41 49
10 65
48 79
98 103
24 106
9 173
1 247
84 263
68 268
8
23 12
81 156
64 196
42 207
5 210
74 239
43 254
37 282
9
60 3
25 85
1 100
84 134
81 153
2 169
7 253
11 273
47 290
13
80 40
23 59
10 108
88 109
78 130
78 146
62 161
71 188
34 200
21 224
99 279
81 286
93 295
8
34 5
69 19
14 88
94 90
90 131
78 150
60 212
64 254
13
90 48
36 80
64 91
41 100
22 116
16 119
51 130
41 133
77 143
81 216
85 273
34 276
8 285
8
79 55
81 59
55 80
15 92
6 133
44 161
20 181
62 276
6
51 12
24 21
79 58
3 77
25 244
46 298
16
80 7
43 8
57 43
16 58
94 93
42 96
55 112
84 143
42 156
1 157
50 166
4 200
3 222
28 238
31 253
47 282
13
88 8
22 21
30 29
95 41
81 51
66 75
100 159
23 196
88 216
54 243
12 270
20 276
86 283
11
78 27
62 48
39 82
93 110
15 131
75 182
36 188
1 202
60 227
40 233
64 256
8
55 64
4 120
90 154
74 195
46 199
65 229
79 275
89 286
9
50 45
89 80
29 132
21 163
42 195
65 222
76 252
27 279
42 296
17
48 12
12 35
57 43
99 54
2 86
82 95
23 108
28 139
31 145
97 168
43 207
36 229
81 230
85 234
16 264
59 275
21 290
13
24 1
31 67
4 114
57 146
20 161
61 169
90 193
33 229
96 230
11 241
24 261
31 281
29 298
21
57 18
9 47
58 59
71 64
32 68
1 82
62 107
62 126
13 147
61 152
72 167
39 169
55 187
28 199
57 209
6 229
45 238
33 261
46 267
80 274
56 295
12
17 12
27 41
64 69
50 145
35 182
78 197
31 210
95 261
71 263
80 279
18 280
78 282
15
93 6
55 30
42 45
60 52
81 64
74 73
54 125
23 157
66 162
82 171
14 214
99 219
19 266
88 276
55 278
10
33 1
49 20
76 46
40 49
10 63
46 98
6 109
88 110
70 158
12 245
14
78 25
32 36
85 68
61 114
40 120
12 154
49 163
67 199
12 215
14 217
6 220
39 251
72 271
12 295
17
16 6
49 13
20 19
96 69
21 72
63 75
2 99
11 146
52 164
34 194
60 199
21 238
85 259
90 285
54 292
11 293
22 294
12
15 18
34 24
83 84
28 107
46 109
68 134
89 155
96 169
91 184
26 226
64 281
49 294
16
82 57
28 63
88 95
85 97
83 117
77 130
74 140
32 155
68 179
11 188
10 202
90 218
56 279
55 290
84 292
65 294
8
62 69
99 149
6 163
78 191
67 219
7 234
2 268
56 285
12
83 3
35 18
83 65
25 116
55 154
78 189
5 218
43 232
42 249
41 283
14 286
23 291
9
61 39
21 53
56 67
60 93
28 144
6 165
27 175
33 213
89 282
11
59 15
34 57
45 71
51 78
20 118
71 138
3 162
24 163
18 186
54 243
56 262
15
84 9
90 29
28 33
36 60
72 73
99 137
74 150
1 153
30 164
33 169
96 171
59 190
51 200
15 212
50 266
11
4 5
54 19
76 34
1 44
65 79
79 107
90 135
37 193
27 232
15 272
13 274
8
87 35
87 69
58 80
78 215
97 226
73 233
24 239
50 289
9
50 36
41 45
15 49
9 85
75 151
43 159
83 172
40 175
55 233
8
22 15
54 43
84 103
90 139
88 149
67 155
84 290
47 296
13
77 16
91 17
51 40
46 54
1 100
47 124
76 130
52 145
34 172
53 203
79 205
15 212
11 271
7
88 51
69 84
66 88
48 212
86 214
87 216
81 225
9
77 105
4 134
62 159
17 178
61 182
94 186
76 208
12 226
20 294
11
32 13
74 37
28 46
48 92
74 132
66 155
97 163
36 181
97 184
10 237
91 297
11
82 10
67 58
18 74
26 124
18 127
57 171
46 176
42 183
55 189
47 198
17 214
9
22 21
38 47
8 112
38 189
54 210
13 252
62 264
31 268
60 298
10
60 18
50 26
45 35
73 55
87 61
42 157
14 177
80 204
63 214
72 282
12
27 96
32 97
41 120
89 140
61 141
9 167
47 183
33 187
27 219
18 244
95 255
13 274
13
37 7
69 10
85 17
86 39
45 43
76 95
15 114
6 118
52 167
16 191
39 200
53 245
33 278
9
75 7
58 25
81 58
11 81
37 226
78 233
23 244
52 277
8 285
9
16 19
43 36
79 64
3 87
49 121
23 167
32 211
35 216
99 271
16
78 20
96 34
44 40
65 44
54 96
87 114
18 118
37 143
36 155
84 178
13 211
49 216
9 239
64 251
80 273
75 290
9
14 5
27 24
60 75
35 121
10 126
68 180
79 245
55 250
70 258
9
14 33
15 82
41 91
92 128
68 175
17 185
80 255
75 279
37 281
11
21 14
9 28
96 30
26 92
20 100
38 147
74 189
38 198
14 227
27 281
20 283
12
46 15
58 32
14 73
78 99
94 102
67 126
55 140
29 146
85 182
41 205
35 246
62 280
15
63 7
48 14
85 37
5 38
31 40
1 90
38 155
20 168
98 181
79 241
31 249
28 256
83 265
37 279
99 283
14
22 32
17 45
32 68
46 76
63 104
33 108
37 134
18 138
67 150
53 154
25 225
93 258
21 273
12 285
7
67 122
95 173
30 182
100 187
48 211
79 228
78 262
15
46 0
28 1
36 11
8 28
5 56
56 112
58 157
2 170
31 194
79 198
78 203
24 223
59 236
48 245
45 280
7
76 78
90 83
45 136
96 160
91 202
77 210
63 284
10
29 9
65 18
79 35
10 48
6 61
48 164
68 204
83 222
58 265
24 272
9
83 11
21 49
90 54
81 56
87 108
41 261
80 264
70 292
53 298
10
37 22
81 63
60 90
10 111
60 155
96 165
62 173
91 210
29 227
86 253
11
81 3
4 21
39 23
78 35
32 106
28 140
68 151
5 224
67 251
84 282
75 287
7
70 3
25 65
8 70
95 114
61 118
64 147
68 162
7
13 19
26 38
3 70
71 96
53 117
64 241
50 272
10
21 46
57 47
94 67
81 95
72 152
17 159
39 197
54 260
90 287
13 289
14
82 38
38 53
54 79
37 97
5 101
16 125
66 151
73 157
15 188
77 190
74 207
58 224
20 233
82 287
18
7 10
63 60
91 67
78 68
67 88
60 118
34 120
35 164
88 195
32 210
40 218
79 219
67 229
25 243
15 264
97 271
45 286
60 294
15
23 14
18 43
63 45
16 69
81 70
12 77
12 80
86 119
62 121
73 138
77 151
55 154
91 184
46 188
83 220
18
58 59
34 75
24 94
78 108
87 112
66 113
70 114
40 148
90 152
76 154
21 164
82 176
57 184
77 205
11 224
55 244
29 260
66 288
10
30 13
95 44
87 50
35 55
45 88
40 140
6 170
98 226
99 270
61 272
14
3 53
93 62
6 68
46 78
98 137
97 165
46 167
63 214
42 218
74 254
56 259
33 270
27 281
59 295
22
57 0
60 8
41 9
39 81
58 86
27 90
44 111
98 116
98 128
99 134
65 139
19 151
65 160
65 169
78 182
89 190
61 205
53 227
100 251
86 259
95 267
9 292
7
23 74
61 88
50 145
16 159
64 221
83 224
76 259
9
41 63
94 158
77 185
57 208
71 231
14 243
9 265
13 285
60 291
6
22 64
38 97
93 110
82 154
70 210
19 282
14
87 1
73 5
48 55
41 63
41 74
9 93
15 108
65 126
86 178
81 199
99 231
18 246
80 249
16 281
11
35 12
99 13
88 39
15 58
56 87
31 107
29 143
94 168
94 208
14 244
81 266
9
54 86
32 103
15 143
39 150
76 155
91 161
97 223
25 237
96 277
12
87 2
89 10
3 35
94 47
18 65
6 79
16 149
6 157
94 168
54 197
58 214
7 258
9
57 16
76 38
87 57
71 96
81 158
76 159
3 192
96 193
56 230
7
64 64
93 115
48 131
15 133
70 134
62 216
9 250
13
88 28
78 33
2 40
56 89
60 100
2 151
11 159
81 166
46 198
90 215
80 245
13 274
24 288
13
77 18
1 28
18 57
54 81
25 120
22 177
70 184
22 188
97 206
100 210
66 231
72 245
21 271
8
3 42
78 160
29 184
47 185
23 197
19 233
62 247
91 250
13
15 37
24 47
25 49
51 56
63 83
77 105
49 173
10 222
35 245
48 249
39 251
62 258
34 263
16
42 45
51 51
23 114
60 119
48 132
8 139
45 140
62 157
10 158
36 170
45 171
74 196
69 202
28 217
4 240
96 292
13
27 33
56 50
45 51
87 60
87 64
83 76
3 97
23 161
41 187
10 208
74 240
54 292
44 294
13
23 60
71 78
33 103
26 106
48 120
69 125
45 145
82 146
30 156
28 182
64 193
39 228
16 248
10
64 5
61 23
31 47
32 75
8 141
43 164
59 168
74 237
81 240
8 259
10
40 35
44 36
68 45
28 58
79 71
43 138
45 164
17 235
72 257
7 274
10
58 2
43 19
77 30
14 55
73 88
89 105
21 140
62 199
33 226
35 246
14
27 8
31 14
10 16
70 56
37 71
82 83
8 112
94 125
4 158
87 222
76 256
57 258
61 268
10 292
16
49 47
97 49
77 53
76 56
33 90
54 95
16 102
93 107
65 131
40 164
71 167
41 185
6 204
9 245
60 291
74 294
9
87 0
29 38
76 43
32 69
84 80
52 99
40 127
2 262
63 273
16
37 4
62 13
49 33
59 49
10 72
85 123
66 172
71 191
54 229
85 243
68 254
19 259
23 262
98 263
100 265
82 281
15
90 13
76 66
38 92
79 112
73 116
20 132
84 162
49 180
2 188
50 192
80 262
78 266
23 271
77 286
91 293
16
94 3
27 15
25 40
75 61
30 96
6 119
2 145
77 154
40 176
89 183
54 200
25 207
12 208
16 260
83 274
45 289
11
53 27
53 56
90 81
88 128
49 147
77 165
28 173
45 218
59 229
2 288
15 289
9
51 3
74 22
21 30
22 62
1 63
19 91
30 117
15 153
18 276
12
22 78
80 81
78 106
74 108
80 131
22 180
6 189
23 211
12 265
75 266
93 281
82 282
13
78 17
34 22
26 66
96 80
4 149
6 158
78 177
28 192
23 220
95 239
65 244
88 250
10 265
14
19 56
72 81
52 85
80 91
93 122
28 148
19 181
89 190
77 195
2 200
5 210
30 250
95 262
31 283
15
44 59
80 78
58 89
52 97
61 113
23 148
17 149
46 204
61 219
36 233
9 234
26 242
74 259
43 261
56 295
12
6 29
22 32
56 34
100 40
81 62
17 66
6 131
56 191
23 218
71 225
34 254
20 283
16
90 6
71 8
32 23
78 51
84 56
43 113
99 138
31 171
9 180
100 184
6 193
24 195
59 231
73 246
52 273
66 293
16
92 8
50 15
46 42
8 48
6 53
4 68
47 89
67 97
50 114
64 174
89 179
97 204
13 214
80 233
21 247
41 275
11
41 8
31 54
38 121
88 164
63 170
67 199
19 203
33 210
78 263
21 286
5 293
17
100 18
27 23
90 24
21 41
52 85
35 100
91 106
56 161
3 175
41 187
100 213
25 251
17 257
3 259
25 260
1 265
92 266
11
25 5
91 37
40 47
70 100
19 122
89 124
47 129
75 138
8 144
98 266
75 298
6
80 116
90 172
92 207
68 213
4 227
67 246
7
3 81
71 92
14 113
14 145
75 208
38 234
78 238
8
67 60
47 88
88 137
68 168
64 220
74 244
38 260
94 292
17
3 10
11 22
46 56
61 68
31 79
94 94
17 102
77 124
24 145
93 149
99 173
68 180
50 210
1 212
94 217
71 260
47 277
8
56 42
87 116
32 118
64 119
7 210
10 222
26 236
65 289
10
79 10
100 13
28 153
44 176
57 179
29 222
35 241
25 263
51 280
86 297
10
98 44
34 77
61 86
14 129
51 148
72 155
88 183
53 240
87 251
97 280
13
89 1
53 41
26 54
20 106
14 107
21 187
92 215
83 220
20 236
99 262
70 272
16 276
10 285
17
61 14
68 15
69 26
69 61
3 76
16 77
20 93
96 125
69 140
68 148
4 156
38 181
76 207
80 227
14 233
39 238
52 260
9
18 39
15 49
76 71
80 83
65 84
32 114
14 169
70 223
86 277
9
15 58
91 124
55 164
34 170
22 172
64 223
49 228
96 234
22 295
10
95 12
75 81
66 108
36 180
83 184
68 204
49 216
93 222
23 273
79 281
14
23 32
89 44
99 67
16 87
80 88
60 107
70 108
96 127
53 141
35 163
41 202
43 231
91 278
4 296
11
12 2
91 9
75 46
64 48
81 62
37 113
64 143
2 156
83 169
79 216
17 279
8
86 33
5 111
99 144
57 149
88 211
95 214
92 216
37 243
10
67 28
63 46
76 109
20 135
39 161
60 210
45 241
48 254
17 262
65 297
13
50 69
6 76
11 94
90 99
29 111
89 134
55 153
15 205
97 209
6 226
73 255
74 265
97 268
11
13 24
88 32
76 85
45 136
99 152
96 159
22 195
100 269
93 282
79 288
73 296
17
77 15
27 18
93 33
74 34
96 42
14 109
41 138
52 166
50 176
100 205
90 223
10 235
88 269
32 276
92 278
63 288
85 297
9
81 22
23 116
77 180
6 186
13 203
75 207
63 221
34 252
10 260
13
8 31
61 33
41 41
61 89
77 103
20 124
66 155
84 170
72 190
29 228
5 232
32 237
24 282
15
90 10
63 22
2 88
58 118
12 119
83 131
85 136
49 145
23 153
87 170
45 188
54 189
50 214
30 243
70 245
14
16 13
54 41
69 52
22 67
97 69
1 70
64 122
68 144
56 158
84 164
18 195
46 250
21 258
99 295
11
31 16
15 52
93 53
10 62
23 91
64 133
23 137
91 147
49 162
90 240
17 253
15
11 0
58 10
72 63
79 85
97 128
87 157
51 172
34 181
29 200
98 236
29 242
18 252
23 270
42 277
81 284
9
73 61
69 87
54 94
72 135
74 199
97 201
33 253
21 282
88 293
6
53 49
61 57
48 84
33 101
76 102
18 161
10
15 44
65 117
61 155
75 193
74 195
2 217
89 251
57 258
72 268
40 274
5
10 31
8 83
66 86
86 96
67 297
8
23 67
1 82
43 155
7 158
8 174
76 208
56 278
16 295
16
86 0
8 22
64 30
27 44
59 58
69 60
53 108
7 122
96 149
75 177
92 215
55 246
67 254
99 278
35 284
61 295
14
93 50
14 57
59 68
78 122
78 131
86 133
30 137
25 194
90 200
26 202
65 224
64 237
80 269
70 273
11
42 23
85 24
32 27
53 62
32 66
40 153
29 195
72 229
67 251
69 273
91 283
18
25 4
44 55
84 69
91 91
75 95
9 103
83 118
79 125
100 129
92 199
96 221
27 222
61 238
19 247
16 271
40 272
31 284
68 291
13
79 15
26 47
71 127
6 128
84 205
64 250
30 251
34 257
36 262
40 270
83 290
75 291
69 292
20
37 7
35 11
84 33
45 59
49 93
50 107
56 118
16 121
4 129
33 134
83 149
53 171
31 178
44 184
67 195
57 203
97 206
38 242
42 254
82 297
11
13 3
18 19
91 37
55 53
23 62
39 151
50 186
28 252
33 267
93 276
59 281
14
30 7
42 10
41 21
26 22
82 45
89 104
40 151
94 161
26 163
44 177
25 183
76 273
55 277
52 295
11
53 26
48 95
50 97
11 130
21 181
94 237
100 273
25 276
72 288
28 293
56 295
15
70 39
13 56
92 88
62 95
65 101
29 141
92 150
90 157
38 191
63 216
91 247
79 267
62 274
93 275
55 285
11
41 28
68 35
6 57
19 75
69 79
68 129
49 152
41 191
3 214
42 277
93 296
12
30 13
52 21
48 23
82 48
33 69
86 104
96 132
80 149
98 200
13 263
73 281
42 294
14
14 27
91 28
11 88
9 99
43 112
56 129
24 150
36 161
95 171
28 197
70 203
88 244
86 248
12 259
14
24 6
93 62
84 82
54 88
94 94
53 96
15 110
42 128
78 132
99 137
71 172
10 219
14 234
90 260
8
75 57
44 82
80 105
71 159
38 162
53 218
74 284
31 287
8
16 6
69 20
22 51
68 74
17 78
21 139
1 213
67 214
15
36 2
26 64
25 91
98 97
27 113
55 118
7 139
30 149
27 152
74 162
13 229
78 234
35 266
8 282
74 299
13
51 17
67 38
29 43
19 74
47 129
70 157
70 161
21 173
70 195
46 220
39 232
96 261
16 288
12
71 24
94 26
38 74
9 104
76 123
68 146
29 154
49 205
29 247
14 283
63 294
37 297
14
19 16
60 24
22 37
44 61
80 66
71 81
83 131
83 171
10 196
36 223
3 268
6 277
19 282
76 293
15
61 0
99 5
49 14
22 40
66 46
53 54
58 60
59 75
16 93
31 139
58 191
54 200
83 216
76 235
5 245
11
70 43
92 55
35 72
26 76
90 130
42 152
39 191
14 205
98 225
34 227
80 259
10
33 24
21 59
86 65
16 118
86 121
13 139
12 156
44 193
51 222
83 291
7
94 0
59 19
4 80
76 111
14 143
47 221
36 268
12
45 11
19 18
12 35
92 61
32 112
72 141
3 161
72 196
47 250
51 267
78 285
77 293
9
6 95
28 106
73 151
69 191
53 205
85 236
86 275
56 289
92 290
14
45 53
44 57
90 69
85 84
91 95
65 108
89 116
69 124
67 126
49 185
55 206
1 260
49 265
10 270
12
63 10
1 59
98 77
67 88
63 94
64 97
42 159
11 185
24 192
99 200
32 260
43 285
11
4 36
7 45
63 131
61 146
76 151
24 186
4 219
83 238
32 258
78 269
48 274
15
64 45
49 91
4 96
90 99
13 128
77 134
89 150
13 160
82 202
38 210
53 222
74 226
17 250
60 265
14 291
14
82 5
42 10
100 15
93 33
44 37
40 49
12 91
11 96
61 120
82 145
69 158
41 163
12 219
9 264
9
21 17
68 21
97 99
26 127
42 134
89 190
20 261
100 270
17 297
19
48 35
43 40
1 57
79 59
48 62
48 82
37 83
56 147
48 149
86 171
56 183
50 191
8 205
30 231
22 248
84 265
63 274
8 291
5 296
14
21 15
24 75
18 94
53 130
18 149
9 184
97 195
26 197
34 199
87 222
96 244
82 265
47 280
56 296
14
31 3
72 26
81 89
58 108
23 133
44 152
6 159
60 164
80 179
57 219
52 228
32 230
95 244
40 250
13
66 23
30 44
76 62
17 92
47 115
66 142
48 149
73 180
42 221
20 224
19 260
44 264
20 275
8
47 8
40 63
12 150
23 174
36 201
21 222
60 254
32 265
9
48 8
34 27
66 49
27 56
13 66
85 144
38 185
49 251
95 290
11
98 12
4 13
55 14
59 27
80 38
92 59
53 100
13 241
19 244
89 273
18 282
11
39 16
64 47
6 50
57 97
64 148
99 152
57 156
67 167
3 171
8 207
69 210
11
41 39
88 57
79 97
2 153
59 155
19 198
73 202
25 219
38 273
8 288
85 297
9
9 4
51 9
63 25
75 50
86 72
3 91
72 101
55 107
20 288
5
26 37
16 54
60 111
82 236
53 273
19
2 16
55 18
77 44
45 58
10 70
41 76
40 85
16 101
80 123
76 127
6 140
96 158
82 168
80 199
7 239
28 240
23 242
44 253
69 256
11
24 2
96 23
60 34
99 106
35 126
7 131
73 168
35 214
12 253
99 255
10 297
15
97 34
62 50
36 55
71 56
87 77
76 83
73 85
24 133
100 177
18 206
45 215
8 255
58 269
62 279
3 280
300
12
90 53
72 69
68 169
49 180
100 196
4 203
91 231
43 236
93 247
89 249
86 279
30 289
