300
300
26
85 5
77 14
53 15
36 40
1 66
48 68
12 76
75 83
10 90
76 93
86 96
70 98
90 105
53 125
28 127
20 157
47 184
3 188
22 192
29 222
44 243
33 246
99 255
86 267
55 282
23 296
24
24 17
36 33
17 35
78 37
84 43
18 53
79 56
47 60
71 71
25 74
30 103
100 108
98 121
8 136
13 164
69 168
35 170
46 185
44 215
100 234
68 238
50 271
71 273
96 280
29
8 34
98 41
18 49
74 79
78 89
43 94
58 106
57 112
6 117
85 122
24 127
67 129
18 133
81 134
19 160
96 161
42 172
91 178
97 185
17 199
75 207
95 218
42 220
78 233
2 239
1 243
7 246
35 272
92 276
26
77 4
46 15
18 19
14 20
21 28
8 40
88 42
45 50
37 55
28 58
68 64
34 70
57 73
99 83
80 111
58 121
59 144
49 151
80 162
23 185
4 217
66 230
59 239
10 263
41 271
67 276
22
52 27
21 28
26 34
23 40
71 46
89 66
45 84
87 95
93 99
84 107
23 135
28 147
64 150
50 166
22 197
32 210
6 211
44 233
13 248
51 288
60 291
49 293
32
77 2
62 4
16 9
37 10
31 15
53 16
44 34
9 46
68 99
26 113
94 120
60 127
61 145
58 152
84 156
7 160
89 163
37 168
26 173
76 174
28 177
37 178
41 187
10 213
42 217
6 226
48 227
99 246
18 269
97 278
2 289
28 292
23
19 4
99 22
77 50
65 52
59 56
46 89
62 128
44 134
79 198
93 203
20 217
21 218
73 219
63 236
27 240
88 243
57 258
67 275
85 276
40 280
52 281
76 282
34 290
35
53 16
7 20
43 35
38 38
54 41
41 59
1 62
87 69
34 77
19 80
37 102
76 113
35 118
39 121
26 154
6 162
94 164
61 166
29 173
51 179
58 184
88 196
9 198
12 209
1 213
9 219
68 223
91 225
60 245
27 252
82 263
80 269
63 273
89 278
43 293
36
45 5
30 9
15 18
64 20
92 23
49 27
5 40
73 56
79 57
45 72
75 76
22 81
45 85
1 90
32 91
87 101
15 103
71 105
16 115
89 123
5 128
95 135
53 143
51 147
48 179
18 194
50 205
36 206
3 216
84 220
17 263
64 283
90 284
72 286
56 288
84 292
27
95 10
71 12
31 23
93 35
66 74
53 86
48 101
70 126
16 135
72 137
25 144
29 177
35 181
79 195
26 208
93 223
65 228
10 229
58 232
9 262
25 268
13 272
35 284
63 286
82 287
19 293
85 297
31
87 33
32 42
3 76
90 77
30 83
8 85
28 93
25 95
67 101
44 109
16 125
51 128
95 133
77 136
84 144
33 172
89 181
30 185
44 186
20 193
38 197
14 217
50 218
59 244
7 246
32 250
18 255
55 266
26 270
60 279
52 288
27
66 17
47 22
97 29
89 40
23 41
88 69
88 82
2 88
74 102
33 117
75 122
8 130
38 143
52 175
71 180
10 192
43 193
96 198
91 206
96 236
79 247
21 257
29 261
73 271
77 281
1 284
73 298
36
48 10
61 16
29 27
7 33
97 38
28 56
98 67
88 73
51 88
57 89
35 109
77 110
1 119
54 121
39 127
37 131
23 133
70 137
39 146
14 153
74 166
19 170
11 187
95 202
27 203
9 209
11 215
24 242
73 244
72 245
54 246
60 249
65 262
72 281
90 289
74 295
30
72 16
27 18
85 35
16 49
39 58
82 83
62 105
11 109
33 119
55 122
18 131
75 135
68 141
64 147
1 151
7 155
86 181
49 184
82 190
99 193
90 206
3 225
48 227
35 231
91 244
9 245
3 246
42 267
13 280
39 295
20
30 7
93 18
49 32
96 84
61 92
48 105
30 109
50 131
52 137
7 151
5 187
22 195
28 203
84 229
96 254
70 260
95 261
19 271
80 294
99 295
32
72 7
22 15
33 32
65 33
71 41
99 45
59 55
63 64
98 88
33 118
9 133
89 135
63 137
67 144
21 183
57 185
90 207
24 209
72 211
4 214
58 237
27 239
1 242
88 244
2 255
50 258
12 273
88 275
72 278
8 294
96 297
51 298
22
21 2
19 6
63 13
53 98
84 102
61 113
26 115
38 121
70 131
55 148
15 156
13 166
55 177
18 181
66 191
15 193
23 196
45 213
65 214
78 244
90 276
29 281
25
12 2
59 30
23 37
18 41
94 83
19 90
32 103
76 110
23 123
69 130
30 131
54 133
36 163
98 165
39 178
42 180
84 183
58 200
71 202
30 231
38 238
34 249
33 258
45 274
74 293
19
96 6
79 7
59 16
68 17
41 63
10 70
61 113
24 161
15 172
21 177
56 184
72 192
77 216
53 234
42 238
50 239
85 252
31 266
89 296
35
8 17
53 19
28 20
54 22
85 28
22 31
91 33
38 38
95 42
23 46
50 54
85 56
70 58
88 66
5 73
48 99
27 117
25 121
73 137
28 143
53 149
14 167
34 169
17 171
81 172
30 193
33 195
44 200
4 206
54 209
19 226
70 229
81 230
14 267
76 281
26
11 4
3 17
96 40
76 48
7 93
97 98
96 104
39 108
7 110
60 114
17 131
56 144
6 147
81 154
70 162
19 172
46 176
52 197
84 201
24 233
11 235
66 248
15 256
51 262
21 266
53 267
29
76 0
30 4
15 10
31 29
67 74
75 81
85 108
81 113
93 116
39 124
40 129
36 131
100 167
2 177
99 184
96 187
65 203
69 204
35 219
53 222
3 234
97 243
50 249
86 262
3 284
31 287
81 288
28 289
9 296
26
35 8
45 12
25 20
35 22
63 28
8 35
27 40
72 55
69 82
4 84
9 91
77 120
7 127
40 160
60 166
42 189
11 199
35 202
26 206
50 209
81 220
93 223
4 224
87 234
86 240
65 251
28
18 10
62 11
85 22
10 25
12 31
22 42
52 43
48 49
96 58
76 67
93 88
4 95
65 103
46 105
62 110
35 111
31 127
34 133
38 137
90 155
21 174
100 201
55 204
9 209
44 258
97 281
45 287
81 288
25
34 4
31 11
59 42
54 43
40 50
3 58
2 73
100 81
55 82
44 98
14 125
36 126
34 127
10 134
86 139
4 159
80 164
69 169
82 174
10 183
18 195
80 197
60 200
79 236
59 245
29
97 14
78 15
1 48
10 52
18 55
78 73
39 79
34 84
31 90
3 105
41 119
45 123
37 140
78 172
39 175
12 177
78 191
58 197
44 207
71 210
51 211
79 216
48 221
9 244
73 256
77 257
30 280
31 292
97 294
32
7 8
56 12
53 26
19 36
67 37
34 40
49 56
88 70
76 77
30 82
92 90
7 91
40 92
18 93
14 114
85 134
36 152
67 172
72 173
81 182
21 183
78 197
49 232
80 260
85 268
95 274
18 276
90 280
78 282
32 290
34 291
31 299
28
7 2
47 16
60 48
50 50
68 57
91 63
56 72
1 85
62 90
16 93
26 98
93 124
33 133
38 138
32 141
24 154
2 163
88 197
76 200
4 206
56 215
81 229
37 231
20 234
39 245
72 259
62 284
6 296
38
100 8
94 16
63 18
2 21
2 30
68 32
54 33
6 40
83 69
24 80
50 85
26 92
89 102
78 108
13 125
61 131
88 134
87 147
86 156
91 158
59 159
39 160
51 174
3 183
38 185
9 191
79 193
83 203
85 206
11 209
36 221
54 224
77 236
32 245
8 247
80 249
9 277
41 281
28
84 9
29 36
9 44
3 47
87 62
77 84
50 102
83 108
96 110
97 111
32 140
23 142
12 173
90 177
26 192
51 194
77 197
29 213
25 217
54 219
83 222
96 228
70 232
5 245
9 258
16 265
4 267
79 270
29
97 26
27 32
9 50
63 53
62 55
44 74
66 81
58 85
21 91
75 105
54 107
64 117
63 129
9 138
8 162
72 166
44 171
71 187
22 198
87 205
59 220
74 222
40 230
54 252
41 255
21 272
88 273
8 284
50 290
25
80 11
53 16
65 35
29 37
13 60
76 61
81 82
96 91
65 114
60 121
43 155
29 162
72 176
93 189
30 194
36 195
10 200
3 212
7 214
63 231
92 243
67 251
97 253
100 267
17 289
24
95 6
46 7
19 46
58 60
86 78
69 82
86 102
50 109
12 129
10 185
44 190
26 197
66 210
16 223
49 235
67 238
17 241
98 251
59 274
2 282
9 285
8 286
44 291
82 294
22
88 9
95 21
2 26
24 28
26 29
16 30
93 34
43 62
60 66
92 71
81 105
20 150
21 153
74 162
35 170
85 171
52 209
56 210
48 237
53 245
89 287
6 288
35
77 3
35 30
29 33
88 34
57 37
26 51
47 81
52 98
35 110
27 112
40 113
7 119
65 121
16 129
44 158
68 166
95 175
34 194
29 202
100 203
74 208
55 214
81 229
36 237
68 243
55 246
93 249
52 256
49 265
26 276
44 280
37 281
63 282
7 286
82 293
26
44 5
40 16
62 24
84 27
20 46
16 48
20 52
87 61
19 63
22 90
75 91
29 95
13 106
6 135
33 139
59 205
92 219
28 223
56 228
42 230
54 249
30 264
53 268
59 276
84 291
97 297
26
71 13
42 16
74 43
50 52
62 57
8 61
34 62
16 70
73 76
44 104
57 107
49 125
36 138
93 154
69 160
20 163
70 178
37 192
63 195
9 207
97 264
100 267
100 270
97 283
15 291
40 292
20
30 18
97 26
1 44
26 89
58 96
80 97
29 98
82 102
13 106
84 125
73 137
58 176
36 240
96 241
64 246
99 260
82 275
18 283
66 287
63 293
25
72 14
92 42
11 51
64 58
66 79
76 95
7 96
29 99
67 105
21 110
64 127
53 168
12 178
35 193
30 195
29 198
90 206
62 216
1 225
44 246
15 255
14 265
29 284
37 286
60 290
25
17 0
7 1
83 12
23 18
71 27
89 29
40 40
58 48
36 63
4 93
26 99
11 106
54 107
55 118
20 121
71 137
44 149
58 152
43 206
29 233
1 253
88 259
2 274
18 277
69 291
28
53 4
53 9
48 14
7 42
45 57
10 59
69 88
44 89
91 97
90 101
18 105
66 113
35 137
3 143
47 161
42 166
85 179
58 192
18 252
84 258
7 259
31 261
7 274
43 281
67 283
19 287
27 297
19 299
22
6 18
64 28
78 51
48 58
32 59
45 113
86 118
84 134
52 144
76 147
99 152
3 172
62 174
39 187
22 193
6 199
6 202
42 219
21 242
1 247
15 279
16 282
22
85 8
48 16
18 23
24 35
95 58
93 62
6 113
23 114
36 118
54 151
19 154
70 158
16 186
79 218
2 224
96 226
15 247
62 253
13 254
31 255
98 262
58 265
18
74 6
53 29
63 49
96 61
77 64
95 123
65 134
48 140
12 145
30 148
28 151
10 169
5 209
5 222
50 235
72 237
36 264
68 294
24
82 13
39 20
25 54
24 56
67 75
11 88
17 89
49 95
68 97
92 100
91 112
49 127
70 132
3 163
21 175
50 196
22 216
85 217
3 225
77 227
18 245
78 258
79 259
20 285
25
2 2
76 4
98 13
15 20
11 32
38 39
96 72
31 80
75 117
34 128
53 138
10 144
56 162
88 165
57 171
32 192
61 204
8 229
6 236
30 238
26 241
76 249
86 267
14 278
12 288
22
71 23
60 29
85 32
17 39
7 50
10 58
9 75
14 86
17 118
21 121
83 142
70 161
57 179
72 183
15 195
7 201
3 232
44 249
44 258
97 269
52 270
49 273
21
98 35
31 48
86 54
31 118
9 119
30 122
4 123
51 140
54 141
82 151
19 161
53 178
49 182
72 186
50 187
32 206
12 248
46 253
45 264
79 268
43 286
33
78 6
17 9
54 21
4 40
100 41
18 48
28 67
28 73
5 80
58 84
25 92
100 106
4 114
44 118
69 130
72 131
77 133
96 150
81 170
15 178
45 186
72 189
70 205
88 219
8 231
55 249
47 262
77 266
39 281
97 284
15 293
36 294
60 298
34
16 2
80 21
57 22
51 30
85 34
20 37
43 41
84 64
8 71
93 72
63 94
25 96
1 102
78 104
62 136
72 139
96 143
54 147
44 151
64 153
69 154
96 160
91 161
93 166
44 182
90 183
2 207
69 231
26 266
55 267
97 268
58 273
55 285
21 288
20
30 10
91 13
37 28
83 41
70 69
26 73
60 86
15 99
14 108
47 118
66 119
11 142
8 163
52 166
24 167
64 180
19 210
32 227
59 234
36 295
29
80 0
12 11
30 14
56 28
5 29
81 31
14 53
5 55
71 69
96 73
71 74
6 117
30 120
31 133
14 138
15 160
45 168
75 169
48 175
90 178
8 213
66 216
73 224
90 227
51 241
58 268
30 273
30 290
74 296
32
54 13
43 20
33 29
76 43
50 54
21 60
47 64
26 74
60 78
88 81
68 84
11 86
54 87
70 88
77 92
36 99
34 114
93 135
93 141
79 148
15 165
23 168
90 172
27 199
32 211
16 215
66 224
20 244
75 290
7 294
14 295
67 298
33
88 13
3 35
78 44
62 45
37 47
16 51
33 57
51 61
53 63
78 68
27 74
3 78
72 119
14 124
35 128
6 137
38 145
70 161
19 174
1 176
91 182
16 187
48 188
1 195
94 198
66 206
75 215
85 226
67 228
47 238
76 246
68 248
42 281
32
41 7
97 21
50 26
94 28
95 30
7 52
63 54
42 60
46 68
98 69
26 88
23 95
48 103
11 118
49 120
37 136
38 137
47 140
42 154
59 164
48 203
27 205
71 211
13 219
41 220
98 232
15 242
69 258
56 280
90 286
37 295
15 297
27
6 5
15 37
9 43
100 68
27 73
14 82
93 89
32 91
5 92
23 93
95 95
3 109
34 131
19 133
62 146
56 147
1 195
81 203
68 216
79 224
14 230
89 231
74 248
87 287
95 296
45 297
33 299
20
18 0
92 2
2 17
40 27
3 47
30 49
66 65
48 78
2 87
37 115
25 123
24 141
75 182
24 208
26 216
40 226
97 238
24 248
25 271
95 295
15
12 39
62 43
2 66
71 98
4 109
56 129
54 143
22 157
59 165
63 173
40 194
65 211
2 223
45 284
27 289
27
71 3
40 5
91 6
23 8
57 17
55 18
60 32
80 40
5 54
88 57
97 63
54 100
27 111
31 129
46 142
99 155
100 165
34 182
58 183
45 208
3 218
98 225
24 230
82 242
21 247
73 254
4 287
29
72 0
52 7
73 8
100 33
12 46
52 57
4 58
52 60
80 71
80 72
41 100
28 103
94 115
55 119
42 120
93 129
72 132
23 185
92 200
63 202
7 221
98 225
98 243
34 246
31 263
84 264
42 270
20 284
90 298
23
35 14
29 15
15 23
100 33
32 39
55 42
96 44
61 116
2 123
87 141
8 153
99 161
57 175
54 183
38 191
61 192
81 193
61 204
78 206
28 258
40 272
83 282
84 297
35
13 4
10 8
18 12
62 15
92 31
14 35
87 42
99 43
11 53
88 56
53 59
59 66
58 104
61 139
56 170
22 171
19 183
5 184
72 185
89 189
77 190
49 205
67 207
51 210
21 225
99 240
32 241
81 243
92 263
53 268
70 269
68 279
55 282
21 285
68 290
29
90 2
55 6
86 12
95 40
1 41
1 48
72 50
33 63
50 69
46 105
54 119
92 128
35 139
26 149
89 150
24 156
57 172
14 174
36 176
11 199
23 206
73 212
65 226
21 240
30 241
44 264
20 281
18 287
62 290
24
78 19
88 59
36 79
87 95
34 106
59 119
98 120
83 130
26 153
81 160
55 168
22 174
17 175
78 197
54 202
52 204
44 209
24 210
24 219
94 233
99 238
30 249
80 271
2 287
20
20 15
64 43
61 44
45 57
72 61
82 67
55 72
41 116
56 155
20 161
56 169
94 171
87 203
28 242
43 245
36 251
48 264
56 280
88 284
9 285
26
24 14
2 40
28 65
28 94
83 96
50 112
54 115
49 119
32 136
22 143
57 146
8 151
37 153
31 190
51 197
51 199
16 205
21 209
5 211
27 230
78 239
58 243
16 252
19 259
75 266
22 271
30
30 3
63 8
2 16
72 26
89 33
88 45
61 48
76 49
5 63
45 78
36 93
86 98
1 111
27 112
92 118
15 136
29 138
73 140
68 144
66 159
64 161
44 189
43 196
6 204
66 219
46 224
70 264
49 269
28 282
71 287
20
73 5
58 27
50 28
47 34
47 41
72 68
46 92
53 98
97 112
36 118
69 123
95 142
31 168
30 173
63 182
21 188
26 218
75 232
49 238
86 251
25
57 45
65 55
66 62
53 63
44 66
60 84
92 98
26 104
7 105
36 108
3 119
74 139
65 144
58 152
70 167
100 175
13 181
84 237
47 251
98 259
90 269
82 270
96 283
17 291
87 293
27
65 8
98 11
40 14
40 22
30 58
61 72
55 78
74 90
97 103
43 105
87 115
49 157
19 163
47 167
51 206
75 235
91 239
11 245
20 250
98 255
19 257
19 259
81 263
17 273
57 274
42 284
7 285
33
28 7
14 27
59 31
65 33
50 37
24 39
71 47
35 64
24 66
97 75
68 104
46 109
10 110
27 124
32 138
20 150
23 153
91 164
21 165
95 168
40 192
64 194
67 198
77 200
10 204
27 208
92 210
42 212
84 213
50 254
61 269
95 277
85 279
26
91 21
84 31
36 47
32 59
21 60
71 91
28 97
85 103
12 105
45 107
86 114
1 118
32 131
33 147
61 165
26 192
40 200
10 226
50 236
50 243
89 252
79 254
69 264
79 272
14 284
36 287
21
68 49
30 63
24 74
84 102
59 104
69 127
89 129
44 132
95 146
4 148
23 193
41 207
56 210
92 211
54 234
58 235
2 245
22 266
95 286
57 297
18 298
28
74 11
9 15
18 24
99 29
48 30
43 32
31 34
7 44
96 47
88 49
36 67
78 90
92 112
92 115
25 118
21 119
6 156
44 157
31 164
31 171
34 194
67 205
49 219
26 242
39 253
25 265
84 286
54 288
22
5 3
49 7
89 16
69 52
14 74
41 86
39 99
19 123
81 145
81 163
52 168
33 180
88 182
63 201
36 219
56 223
42 242
89 262
62 272
84 273
14 287
16 299
25
86 1
39 10
61 12
42 13
8 26
8 40
63 52
21 69
32 71
5 72
63 83
49 107
76 149
12 159
85 190
52 203
45 237
11 250
95 255
19 273
65 288
26 289
60 291
79 292
5 296
20
30 4
71 15
62 32
12 43
12 65
12 68
84 71
73 75
38 86
7 92
35 106
31 111
24 127
65 146
48 150
42 196
96 208
11 210
84 238
22 249
17
28 22
39 57
10 73
93 75
21 89
49 95
49 125
4 151
88 155
74 169
64 171
55 174
49 227
5 247
46 250
79 264
63 280
28
18 22
65 25
9 29
11 46
75 55
63 62
80 63
13 70
76 84
8 85
35 91
52 103
35 107
26 123
94 138
94 147
50 157
30 173
91 177
72 191
5 195
41 203
6 204
44 214
90 217
73 218
31 226
100 259
26
24 0
80 5
21 6
89 15
56 18
55 19
79 31
23 37
7 71
1 74
88 78
46 104
73 106
83 123
33 132
36 162
95 208
90 215
29 216
44 241
92 252
50 258
44 266
74 269
47 277
37 289
30
27 13
52 20
8 58
5 59
11 60
71 65
61 74
88 77
14 78
12 89
91 99
19 111
88 140
48 167
26 170
62 184
64 205
1 212
54 213
71 246
1 255
14 257
69 265
77 267
25 269
9 273
6 278
89 283
79 288
81 295
22
64 22
23 30
98 35
73 42
71 47
49 70
56 85
11 89
49 98
10 107
78 113
45 140
16 141
98 162
21 168
83 174
13 190
49 199
31 210
11 213
76 215
96 265
24
98 11
62 33
55 60
96 75
30 77
62 81
10 84
58 87
96 92
97 125
58 130
70 138
93 147
88 151
24 169
51 210
4 211
50 227
98 262
91 266
19 273
41 276
10 277
70 283
27
77 1
45 4
7 29
18 33
19 36
43 39
13 43
82 66
57 89
15 103
100 106
86 120
12 121
2 149
33 166
53 167
80 184
73 187
45 192
11 198
100 239
34 242
60 251
49 275
76 276
79 280
92 293
25
73 46
74 55
13 64
80 69
54 82
6 94
17 118
69 130
71 141
70 142
60 162
52 170
39 181
2 187
29 189
2 196
95 207
84 211
41 221
34 226
31 247
66 269
27 279
61 290
50 296
40
96 16
14 22
49 29
12 36
91 46
2 47
47 49
92 92
41 97
83 116
46 125
76 130
21 138
45 148
76 154
53 159
89 160
14 163
49 175
54 191
59 195
84 202
98 203
20 214
89 215
17 224
84 225
84 230
51 240
10 246
36 248
58 255
58 270
80 273
33 274
61 276
32 283
52 284
61 285
90 288
21
19 15
24 40
55 46
25 60
37 93
98 96
25 120
51 142
47 143
14 177
27 179
18 184
49 201
25 205
72 221
63 226
60 233
22 236
79 259
64 264
37 297
31
64 0
80 15
82 27
39 28
77 33
100 50
63 55
45 71
23 73
27 82
82 93
46 101
83 106
59 149
79 152
100 154
48 167
42 199
93 209
8 217
50 218
51 228
40 236
51 239
82 250
18 252
65 253
64 265
9 273
35 293
55 298
25
63 3
20 7
11 22
3 27
67 30
1 43
36 56
5 57
13 64
100 80
44 81
27 92
18 103
78 122
71 123
72 133
14 136
63 143
59 188
46 228
34 230
80 254
40 255
95 265
39 283
30
57 5
48 13
11 31
33 46
3 64
97 67
72 73
8 75
49 83
50 124
59 137
53 138
53 149
25 157
11 183
81 185
99 197
28 204
33 207
20 209
40 215
76 219
75 229
23 234
58 258
79 262
34 274
38 279
64 280
17 299
30
34 29
92 51
24 52
10 54
40 60
89 73
93 75
10 76
38 82
92 88
12 92
25 93
48 103
40 106
77 119
15 121
34 123
53 138
64 139
64 144
90 184
45 201
76 205
46 211
57 214
93 219
63 228
6 258
46 282
96 298
20
25 12
48 29
71 49
24 54
44 59
86 64
89 92
66 94
52 111
11 123
96 143
73 149
93 191
18 200
25 254
37 255
62 265
2 268
33 279
77 299
27
6 3
51 4
50 27
1 32
46 33
53 37
97 42
54 54
23 58
62 62
87 63
52 91
81 95
53 119
82 137
94 144
68 165
29 178
17 181
83 195
12 198
53 212
53 215
9 232
17 246
65 285
55 298
20
49 14
1 22
59 32
97 40
8 47
38 59
34 60
81 63
69 80
5 82
49 113
67 116
64 117
81 147
10 213
95 222
94 234
39 242
30 281
81 296
28
45 10
2 47
73 71
44 81
14 84
3 101
81 108
40 110
99 127
72 137
83 140
8 172
62 184
86 198
24 203
12 208
24 221
63 229
40 233
14 239
73 255
2 257
40 264
31 283
84 287
64 291
39 293
5 299
30
20 10
17 12
42 19
43 32
67 63
8 66
83 67
74 78
80 84
22 93
82 96
49 100
84 104
91 117
16 163
71 167
9 170
13 186
100 202
89 208
68 214
36 217
97 223
64 239
15 252
46 255
13 260
39 275
81 277
6 298
30
12 26
40 27
73 29
44 57
89 65
69 66
93 99
5 103
1 123
40 151
51 152
46 164
99 165
37 169
5 172
4 182
61 187
36 192
31 202
99 206
17 213
32 224
95 227
74 244
30 256
10 274
15 281
58 292
2 294
46 295
24
85 6
97 11
54 22
66 26
20 43
12 44
88 48
23 55
67 58
12 89
60 142
20 143
69 166
98 184
56 203
81 208
55 230
64 239
92 248
17 258
17 266
60 275
40 282
7 292
32
56 5
31 11
13 15
97 24
86 31
14 33
15 37
82 38
29 42
34 59
44 61
72 62
6 89
50 101
12 109
19 123
57 132
19 138
80 145
52 160
53 164
20 165
22 168
86 211
99 229
23 243
29 250
86 263
51 276
20 285
38 287
50 296
29
44 5
39 14
41 21
86 27
71 30
80 40
67 65
21 76
44 85
6 116
89 133
75 142
75 143
84 146
93 155
23 192
39 195
54 196
30 197
33 216
35 225
15 248
10 253
80 262
16 268
53 284
14 285
48 286
9 291
28
20 9
37 13
6 14
61 26
87 63
48 74
96 87
83 88
2 115
70 116
14 118
93 160
9 165
60 169
83 173
48 197
90 198
76 205
91 210
55 215
24 222
37 223
3 228
27 235
33 247
9 262
88 263
13 286
20
9 9
54 30
32 43
80 91
22 97
50 106
28 111
33 115
76 126
27 145
32 149
13 171
8 194
17 196
67 199
42 265
12 280
32 287
71 293
89 296
19
10 2
11 4
54 6
1 12
92 15
75 44
94 53
2 54
32 71
49 84
9 89
27 117
76 118
16 120
51 155
90 270
14 273
75 286
71 294
16
24 8
37 9
45 14
37 28
100 34
98 43
59 52
1 74
81 83
10 179
79 205
17 225
95 243
68 254
61 255
91 258
26
88 5
5 11
20 26
86 31
57 49
5 67
47 78
92 79
33 84
78 86
9 94
61 96
3 97
81 115
9 127
2 146
64 148
42 163
92 185
66 208
90 230
84 234
10 239
63 254
95 272
48 296
18
26 11
63 23
15 44
2 51
78 71
68 79
79 91
64 115
11 134
23 168
70 175
13 214
74 254
6 257
27 264
31 269
95 277
3 289
25
39 0
4 31
70 33
75 58
13 69
74 72
7 104
26 109
79 123
49 131
29 132
58 168
81 179
6 184
14 210
33 228
76 233
81 247
14 255
38 257
55 263
24 268
100 289
79 290
70 291
21
60 5
54 7
91 11
69 17
71 18
99 23
89 55
66 78
52 102
76 124
80 143
89 158
7 168
26 169
12 177
79 192
92 194
42 205
49 244
53 266
50 272
28
12 1
61 12
77 15
58 35
62 52
35 71
82 90
85 91
55 97
9 111
19 133
76 142
89 151
49 154
98 171
78 189
43 192
19 193
67 200
74 210
17 222
26 231
16 233
37 242
19 263
80 267
67 269
59 282
20
37 3
99 23
15 47
80 49
82 59
57 60
69 63
23 78
81 81
91 86
61 94
5 98
59 141
50 149
51 191
65 200
41 219
19 238
25 293
54 294
26
54 5
18 49
6 52
86 59
11 64
13 70
11 83
13 106
18 123
97 127
2 133
95 140
47 150
96 153
28 177
79 178
82 181
97 220
59 223
83 225
57 269
80 277
66 281
35 290
56 291
59 297
29
78 2
21 10
14 11
6 36
85 37
15 38
54 53
21 77
96 90
83 106
73 111
9 129
24 130
52 153
97 158
84 160
95 162
29 193
28 196
65 200
46 203
15 219
65 223
35 226
89 233
8 244
25 246
5 247
84 285
30
38 13
70 20
63 31
18 44
56 45
76 47
37 48
98 50
50 64
84 65
81 68
59 83
29 96
61 113
38 129
34 146
67 151
15 163
100 171
20 174
66 180
5 181
37 207
67 209
97 223
86 251
83 254
34 261
13 279
1 298
25
41 6
30 9
34 17
7 19
72 21
32 23
93 34
11 36
97 38
70 42
42 48
28 127
51 132
47 145
59 165
60 176
6 190
7 206
12 226
44 237
36 242
67 254
43 256
89 262
2 269
18
37 12
59 47
35 62
24 65
44 78
4 81
62 91
7 96
31 101
78 141
19 154
32 160
75 175
38 176
77 199
2 202
52 225
52 299
27
26 3
84 16
40 27
80 47
28 52
100 59
11 65
35 71
21 72
24 73
31 102
95 116
47 118
32 119
46 122
69 131
90 133
86 136
67 148
48 183
55 186
89 209
16 219
86 239
85 258
93 269
74 295
28
86 11
45 27
7 49
85 53
56 56
13 94
13 115
12 119
93 126
17 127
58 150
17 158
64 161
48 164
70 166
63 189
55 200
56 227
39 233
98 236
75 240
18 242
34 245
59 264
54 270
77 274
4 284
93 299
20
20 9
100 12
55 15
27 34
10 68
23 69
39 71
81 79
45 103
24 134
36 140
10 169
99 194
20 196
33 213
18 221
60 234
24 248
32 264
29 272
26
75 23
52 29
81 50
27 68
98 81
76 84
82 99
12 100
68 103
12 105
69 110
93 113
89 120
47 126
98 128
21 142
83 148
79 183
85 201
73 216
63 218
76 233
24 268
73 269
85 271
56 294
27
38 9
57 16
81 41
4 50
44 68
52 81
74 82
49 83
42 91
6 101
71 114
52 118
42 130
72 137
18 152
16 154
33 165
59 177
68 180
79 181
21 193
36 217
37 227
24 235
13 236
50 266
13 275
26
59 8
7 25
16 39
27 67
16 69
78 75
61 79
11 93
35 96
67 122
75 125
14 129
57 135
68 138
79 147
57 150
26 162
15 188
36 212
43 233
36 235
61 236
53 249
66 258
97 292
14 293
16
61 14
85 23
95 49
55 52
95 56
51 108
59 131
65 149
51 154
41 172
21 190
16 224
18 238
33 274
57 281
63 295
37
18 7
63 13
53 14
27 15
11 19
38 27
9 34
20 39
59 61
53 66
68 91
97 99
18 102
27 111
39 113
22 119
27 132
68 136
77 153
94 156
80 161
1 173
44 186
52 190
74 196
67 198
64 213
31 220
73 229
55 236
24 252
10 264
10 268
87 270
68 284
22 286
63 290
21
26 48
75 88
37 89
34 95
72 108
6 109
21 134
72 137
37 142
16 157
3 158
94 160
28 168
43 190
6 191
8 212
59 221
9 235
30 236
34 271
83 292
31
89 12
7 33
46 34
66 47
35 54
71 76
1 90
16 97
37 98
61 105
94 108
54 111
15 114
30 119
49 128
15 129
42 144
96 155
58 167
5 179
2 181
34 189
11 203
84 210
9 212
71 237
11 242
84 251
24 256
8 289
77 290
26
86 9
32 10
47 14
55 16
71 24
76 32
26 40
64 52
26 64
11 68
22 72
85 85
95 87
63 96
64 103
10 134
74 144
22 173
56 194
78 207
33 218
100 228
93 248
91 254
89 262
92 292
22
58 5
25 27
52 28
96 37
96 44
96 66
71 69
29 73
5 96
50 98
51 162
92 176
89 197
29 224
71 235
69 248
60 265
95 274
72 278
66 280
60 298
20 299
31
13 0
8 4
39 9
57 12
6 29
86 34
82 40
22 47
4 49
47 50
9 59
89 86
97 92
21 115
70 124
66 139
70 140
30 147
67 155
29 180
64 181
52 188
18 201
24 225
82 226
27 237
25 253
98 280
48 281
55 283
55 299
25
84 31
59 36
48 42
34 51
36 53
48 66
6 77
4 115
18 155
89 158
60 161
65 169
65 184
65 201
5 202
66 213
75 223
79 226
13 257
87 279
32 281
18 287
24 294
34 295
29 299
29
37 8
11 34
7 36
41 40
36 69
37 72
30 80
88 88
42 107
68 130
42 161
65 177
1 181
54 188
53 196
18 201
38 206
25 209
62 210
69 215
6 240
72 250
79 252
79 256
73 265
31 267
98 272
76 285
80 295
28
84 30
39 45
66 48
27 49
24 53
54 61
96 62
67 63
72 72
52 85
57 89
49 101
40 131
67 142
40 173
72 179
6 183
96 189
44 213
16 220
19 223
30 239
11 243
2 250
14 253
6 264
11 292
59 299
27
7 18
84 24
23 42
55 43
18 48
97 49
43 65
67 83
11 94
35 105
93 106
87 111
26 136
26 138
83 152
10 176
70 179
90 192
21 199
62 204
27 206
5 214
16 251
85 260
14 269
65 271
58 290
31
10 4
80 7
49 12
89 35
7 43
64 55
52 56
15 58
52 62
27 67
30 79
5 83
13 88
60 89
90 99
26 117
61 120
55 129
2 134
94 138
86 152
38 179
65 190
75 202
2 210
73 220
15 231
27 248
31 292
86 293
96 294
32
10 22
67 38
49 46
16 49
100 61
96 69
24 71
39 79
93 85
85 89
10 91
97 95
89 96
40 103
55 105
55 115
21 119
14 134
34 141
13 154
42 162
93 164
91 165
73 169
80 197
56 217
56 229
45 241
33 244
5 252
70 286
72 288
32
18 3
82 5
96 10
26 16
81 23
46 28
20 33
78 36
52 37
69 45
89 52
5 58
46 71
71 76
34 79
86 85
22 87
5 94
62 111
65 117
31 121
56 141
86 149
67 152
46 170
29 179
65 199
37 215
9 240
27 253
1 296
51 297
26
47 5
91 28
82 30
21 33
35 43
84 51
19 60
34 66
100 76
32 80
86 81
62 88
93 96
17 99
73 108
44 141
59 146
62 156
36 161
92 167
37 174
70 178
1 199
22 206
39 260
70 290
19
7 26
72 41
64 42
69 47
62 59
23 81
30 85
61 101
87 105
36 109
72 118
67 123
74 138
91 145
67 213
65 220
40 223
29 232
51 283
29
58 9
8 13
61 22
81 42
85 60
40 64
15 70
6 77
67 78
62 79
65 86
29 89
15 98
35 101
11 135
60 146
33 158
54 191
8 204
58 205
66 220
41 221
85 247
69 249
34 259
26 265
23 267
79 271
95 295
22
6 4
12 22
56 32
79 42
99 52
87 58
27 60
80 66
19 100
14 112
51 138
76 149
8 160
34 170
37 177
92 215
91 236
68 248
80 285
99 288
15 290
16 297
27
14 10
60 39
69 55
75 63
28 98
73 118
46 130
32 138
17 142
52 157
12 160
28 175
55 180
73 184
44 193
25 199
39 224
12 226
6 233
53 234
37 249
8 254
74 273
65 277
23 282
63 288
90 289
35
87 3
95 6
31 28
54 33
13 37
75 69
51 78
1 92
41 111
91 112
58 114
28 116
33 120
60 121
35 128
76 155
97 157
4 161
16 167
62 183
93 185
10 194
6 198
40 203
87 209
44 223
71 228
90 236
100 262
43 264
58 284
97 288
67 290
21 292
63 294
35
80 4
30 10
38 20
24 24
76 25
50 30
31 44
48 62
72 88
1 93
88 97
25 99
26 103
78 137
82 140
56 148
2 160
6 164
49 168
12 177
21 181
69 189
12 192
64 194
19 201
17 219
50 227
44 240
98 246
20 247
50 259
11 272
72 282
100 290
8 294
32
63 0
6 3
32 15
1 20
57 61
27 75
76 84
16 90
84 96
88 97
1 98
76 116
14 117
73 120
68 123
68 136
53 141
8 148
50 162
50 167
84 200
74 202
84 205
38 238
99 244
75 260
51 262
7 264
38 276
79 282
97 285
76 296
27
53 16
47 25
77 33
68 47
59 48
8 54
64 61
73 72
39 79
92 90
59 93
8 95
21 106
64 111
15 118
90 131
45 152
77 153
6 184
6 194
75 197
48 200
77 201
55 215
74 228
36 245
17 271
29
47 15
30 31
25 36
22 44
8 46
78 67
65 71
92 77
11 80
58 95
53 96
94 109
60 110
46 130
9 134
4 143
7 164
32 165
25 174
74 176
59 193
58 194
56 227
50 228
19 246
92 262
87 277
7 292
18 294
31
63 7
6 32
64 45
35 79
24 84
73 87
53 90
33 95
76 99
80 101
74 104
87 152
19 160
31 162
79 168
78 178
78 186
90 207
11 215
97 221
98 224
73 225
36 239
37 249
25 261
48 276
19 277
88 278
40 284
4 285
2 286
20
58 6
2 27
84 38
81 40
59 48
55 121
38 148
84 149
6 170
22 171
17 174
89 178
55 180
48 181
42 199
90 269
60 274
98 280
54 287
74 297
30
73 11
25 43
90 44
84 47
93 64
84 76
21 77
67 78
41 84
13 90
82 106
93 108
82 109
4 117
3 131
48 161
68 164
51 167
57 171
93 182
91 196
70 204
14 221
96 223
13 244
78 247
32 257
42 259
67 277
51 291
24
52 5
87 47
1 54
63 60
30 65
59 72
38 90
63 111
35 127
12 144
99 149
43 152
64 157
96 176
95 188
38 196
58 215
63 225
86 228
37 237
26 251
44 253
65 277
66 289
22
52 10
1 11
12 18
12 27
43 37
15 65
84 71
10 85
63 94
20 101
40 106
80 125
94 150
2 187
51 205
78 209
40 224
59 238
64 255
41 266
34 278
17 287
31
66 8
43 19
38 22
60 30
18 35
23 46
11 65
24 67
93 71
34 74
25 81
84 82
2 88
98 117
66 124
65 125
30 129
3 130
21 132
86 143
54 144
16 151
29 159
79 174
96 211
72 213
99 221
20 225
31 228
17 238
87 260
28
57 2
98 3
30 23
35 24
68 25
31 53
51 62
47 97
96 104
47 127
88 159
53 161
17 177
46 198
7 202
66 206
53 215
77 225
84 226
64 240
15 255
2 261
23 274
91 278
1 282
95 284
63 295
22 299
25
77 1
28 11
98 13
23 15
33 32
98 44
82 53
27 64
52 66
84 97
49 101
50 114
95 118
94 131
15 146
11 179
67 183
2 188
87 219
1 250
48 251
61 256
41 263
85 285
61 289
29
83 19
38 29
66 37
64 41
1 48
27 70
58 73
41 79
10 96
46 108
10 109
94 119
69 120
70 126
51 127
66 160
90 163
45 164
46 181
67 189
19 198
41 208
36 227
13 240
95 241
89 257
18 259
98 266
82 269
28
94 32
49 35
85 44
24 45
100 51
42 80
21 86
80 92
93 99
30 109
44 123
83 131
87 132
97 138
62 151
39 159
48 165
20 166
25 174
57 178
71 190
20 210
22 223
81 245
94 246
64 282
46 284
100 298
25
41 1
13 9
32 29
98 63
81 79
29 88
3 89
63 94
64 95
70 135
34 154
47 166
20 170
81 173
46 176
65 218
87 235
91 253
12 258
28 276
26 277
56 280
6 286
78 298
20 299
37
25 3
45 5
17 18
79 33
92 35
60 45
77 52
10 62
7 63
92 70
20 72
94 92
11 117
6 118
70 121
74 145
53 151
3 157
65 165
47 168
75 169
28 173
92 178
57 181
37 186
13 190
85 202
4 212
30 221
47 226
4 237
57 244
40 260
70 271
43 274
94 281
55 283
32
94 2
48 17
71 31
21 42
18 47
90 48
18 49
9 64
23 70
45 73
11 74
75 117
56 122
18 138
36 150
36 158
25 160
22 162
34 166
36 170
86 178
99 190
25 204
2 222
39 224
76 231
73 235
46 236
31 248
47 264
94 265
77 269
31
91 5
3 24
17 25
89 27
7 48
58 54
22 67
73 69
73 80
61 86
23 108
43 111
88 124
54 126
2 136
53 138
41 139
45 161
71 168
63 178
89 209
72 219
99 220
85 228
97 240
82 250
81 253
32 271
4 277
3 288
26 291
29
5 6
73 48
25 49
56 58
2 63
43 72
32 90
76 112
34 119
84 136
1 144
38 148
29 156
41 162
65 172
97 179
3 183
68 193
4 199
36 205
86 208
54 215
99 220
66 235
24 238
41 254
37 255
64 271
72 292
30
87 0
16 18
32 20
73 47
14 55
52 73
70 85
34 94
48 101
79 105
78 119
11 122
92 133
44 135
10 141
30 143
86 146
15 151
78 156
18 170
100 177
61 184
25 192
16 202
32 214
5 215
98 255
27 258
13 272
19 292
31
73 6
36 30
15 33
33 34
49 90
9 94
67 108
21 110
87 120
32 124
40 126
68 128
3 129
23 139
97 140
72 150
34 156
43 181
24 185
3 211
76 226
73 227
7 237
73 247
52 249
41 253
97 269
92 270
81 279
58 281
12 293
30
61 20
81 24
89 33
44 42
89 65
6 69
70 81
96 84
63 95
56 100
5 106
88 110
34 114
40 115
77 122
20 125
4 138
98 139
46 142
41 172
50 177
10 191
32 197
85 199
46 203
15 215
24 219
36 246
49 272
32 288
30
83 2
9 6
53 23
64 30
90 31
30 36
88 38
82 43
84 57
20 59
94 68
36 78
95 83
1 95
55 96
78 103
82 104
24 121
43 127
97 136
15 143
82 149
27 176
5 192
73 197
79 226
41 227
13 229
44 236
35 278
27
55 9
83 21
53 33
63 44
53 45
65 53
92 56
90 61
8 63
72 71
57 82
83 106
28 121
73 124
51 125
60 132
86 163
9 171
78 172
54 193
52 217
61 219
72 244
52 257
7 272
20 283
38 289
26
84 36
90 74
88 75
16 76
81 83
65 87
17 96
68 111
40 140
95 154
46 170
41 172
51 177
84 178
46 182
37 190
19 202
32 204
18 220
57 233
6 253
20 257
27 265
63 267
44 277
68 286
26
7 6
10 14
14 26
60 31
28 52
78 57
13 62
62 63
13 64
5 68
39 103
89 104
93 134
9 146
57 166
99 178
67 192
78 195
23 196
35 202
54 204
74 239
64 259
85 265
42 272
67 276
27
26 2
41 12
96 24
58 30
94 35
56 37
56 45
27 48
42 57
15 71
75 89
59 103
92 122
51 128
74 146
83 150
70 156
69 175
74 205
45 208
22 213
35 227
84 235
53 264
54 275
96 283
34 286
20
37 27
65 28
61 39
30 43
96 87
2 88
53 93
63 98
22 118
5 126
45 132
40 202
100 213
7 220
5 226
6 243
62 275
88 278
22 288
64 295
28
28 16
48 24
78 30
36 42
79 82
49 99
39 111
65 124
50 135
78 138
90 141
90 143
52 144
47 145
82 159
66 174
46 188
81 215
42 223
63 231
87 240
52 249
70 267
6 272
85 279
41 284
62 285
90 297
31
37 19
83 28
20 51
82 59
2 63
28 67
38 87
22 92
4 105
52 107
86 109
23 123
97 125
84 130
62 131
92 133
87 137
11 139
91 166
78 184
62 185
30 192
14 193
53 218
71 232
12 242
55 253
25 259
2 266
99 269
97 296
40
42 4
95 5
78 8
37 17
24 32
27 44
47 51
24 52
49 89
98 110
64 112
26 113
76 118
19 119
18 134
70 138
67 144
36 145
81 150
89 152
10 153
32 155
72 161
15 169
24 172
63 174
10 183
13 194
97 195
19 203
15 204
53 213
70 248
13 268
38 269
31 275
10 276
5 279
93 285
94 291
31
47 9
27 15
74 19
54 22
71 23
68 28
66 39
52 41
67 48
58 61
13 64
65 67
46 83
54 94
18 109
13 138
13 154
80 156
2 164
91 201
70 202
95 205
18 245
72 255
78 258
1 261
75 271
82 273
36 275
23 282
2 287
25
15 15
68 26
56 46
65 52
19 61
91 76
32 107
85 111
4 112
27 157
66 163
66 164
68 169
69 174
33 180
51 183
63 186
64 209
66 211
74 219
84 232
20 250
2 251
54 253
35 282
29
16 14
49 36
30 50
96 58
67 59
26 64
85 75
83 79
2 91
91 98
45 118
37 121
50 135
80 149
5 156
62 179
4 196
15 219
10 225
70 228
78 236
17 246
11 252
86 256
8 265
50 268
83 269
15 284
8 291
32
44 0
44 2
54 4
98 16
89 39
5 41
53 44
39 75
61 87
58 88
3 91
71 123
14 128
42 133
14 135
64 149
95 160
77 167
16 169
72 185
54 191
45 210
33 214
56 230
25 235
25 244
30 259
50 270
11 288
43 291
39 293
40 298
24
99 0
21 8
98 22
19 23
54 45
58 57
19 61
65 86
53 90
7 102
27 111
90 121
88 124
4 136
97 184
93 194
79 200
96 205
7 234
24 241
2 243
23 261
41 268
92 272
16
48 16
38 45
85 46
67 56
93 70
55 92
53 95
63 134
12 166
98 168
96 187
13 189
70 207
60 217
40 243
33 285
31
53 3
39 29
87 31
97 32
45 36
70 62
74 86
51 90
28 101
46 109
95 116
88 119
98 120
14 131
14 133
48 134
11 156
59 184
31 199
51 203
18 206
87 212
69 213
90 229
41 236
42 239
75 246
9 256
87 257
3 279
79 280
26
63 5
78 16
54 21
27 22
40 37
71 42
59 45
66 56
27 68
74 73
75 89
15 102
15 103
23 104
31 108
11 125
8 153
94 162
28 171
2 176
10 182
7 187
41 194
7 235
91 285
71 287
22
81 37
82 59
18 69
84 74
1 76
66 82
58 109
93 111
16 133
81 137
13 147
95 175
57 202
4 231
59 238
58 239
90 246
9 255
50 261
67 283
61 284
29 290
33
58 2
14 6
55 29
80 42
90 63
84 71
66 77
32 96
54 98
52 110
97 114
32 125
39 130
96 137
88 140
58 144
100 150
100 153
45 155
53 157
52 174
99 177
99 193
30 216
61 217
99 234
60 241
76 273
70 283
47 284
40 285
72 288
8 299
24
90 1
74 4
26 16
85 43
66 68
3 80
62 116
59 151
29 153
22 156
43 165
67 176
1 205
76 218
25 219
46 236
89 238
45 248
28 262
97 265
91 267
14 285
22 292
25 297
28
76 9
11 10
38 11
24 50
98 69
42 72
96 85
56 90
95 121
64 125
1 130
21 136
62 149
26 157
83 170
97 175
95 186
68 202
89 209
26 231
43 232
16 251
53 258
61 269
11 272
72 280
9 281
96 285
35
84 2
9 16
38 20
22 23
66 29
7 38
13 40
64 49
44 53
34 54
26 71
11 78
4 101
64 107
90 133
4 141
21 143
82 145
56 148
50 157
85 177
38 184
84 187
17 193
23 203
61 222
9 234
39 237
64 244
16 247
23 251
74 256
90 274
83 275
2 289
29
19 11
79 14
64 20
62 27
9 28
86 40
3 41
72 63
45 70
5 88
98 100
57 123
84 136
37 153
37 156
31 171
28 191
1 197
83 220
91 223
83 226
61 238
59 239
93 240
77 242
2 246
35 267
59 286
81 289
30
50 14
69 27
23 52
55 55
76 75
72 92
51 93
5 98
72 100
84 101
66 107
57 124
71 133
97 155
64 167
6 169
62 170
20 177
21 179
96 205
17 219
23 221
1 247
22 257
14 269
77 270
2 272
55 273
87 282
8 291
19
74 22
74 37
35 53
89 54
70 80
35 86
71 94
62 125
49 131
67 149
37 159
83 167
39 194
45 212
53 213
35 218
52 226
94 260
37 279
29
74 0
72 5
25 8
17 56
83 63
55 77
55 84
29 100
41 105
76 119
85 121
68 123
50 133
64 156
88 157
10 177
20 203
45 216
38 220
7 227
5 241
54 246
9 250
12 252
46 255
73 266
38 270
85 277
31 296
29
24 3
56 12
71 14
34 15
58 21
52 28
73 38
37 52
81 56
46 65
86 68
54 114
31 144
79 148
13 158
49 181
91 183
64 206
14 209
61 211
17 217
93 218
38 233
6 240
15 241
35 246
87 263
43 268
35 276
31
47 5
55 8
25 9
66 15
62 21
55 29
3 45
43 50
45 55
26 61
18 71
36 105
56 111
42 112
31 129
1 142
55 152
60 164
76 195
56 199
43 203
43 212
72 246
73 248
32 266
2 272
48 274
45 275
62 284
71 291
25 295
31
78 13
96 39
51 42
8 43
28 46
44 47
84 57
35 58
63 60
80 62
68 66
68 67
51 77
25 102
95 108
66 121
36 123
39 124
66 139
1 141
24 154
17 165
59 186
39 196
9 197
7 226
64 239
72 241
22 264
65 278
61 288
30
82 19
45 21
93 23
45 44
17 45
9 52
43 53
64 54
24 56
58 60
77 63
36 73
33 74
25 75
84 110
87 120
73 127
31 141
55 142
52 145
85 148
75 202
86 219
84 232
53 234
60 248
77 256
89 272
60 276
54 284
36
6 0
79 9
48 13
42 26
13 28
24 44
70 50
39 53
51 57
69 77
5 87
89 91
79 92
47 95
19 105
44 107
9 122
78 144
28 157
100 179
1 186
68 187
54 208
33 210
8 223
73 227
89 241
11 243
79 254
94 257
10 259
16 265
14 276
39 294
39 296
40 299
27
43 11
87 15
57 16
71 18
52 25
1 27
47 31
52 32
7 45
4 50
76 52
11 84
64 89
79 94
35 97
24 101
31 110
55 144
100 147
96 171
81 224
38 226
74 227
16 256
71 266
83 287
34 296
31
85 14
74 18
15 30
34 43
82 65
29 77
77 98
33 108
67 111
45 119
36 126
43 130
41 131
39 155
57 158
37 161
99 172
22 180
87 182
17 215
82 221
52 225
56 226
92 233
35 238
67 249
23 250
1 252
78 255
97 257
39 266
29
93 0
10 24
61 54
35 56
67 59
80 66
67 67
62 69
31 76
32 78
100 89
5 95
29 111
65 137
20 149
94 159
94 173
32 174
100 197
51 202
76 207
93 221
16 252
59 260
35 277
94 286
7 294
100 295
86 297
20
64 0
31 3
31 41
61 50
95 53
34 61
34 65
78 69
40 76
40 139
72 163
99 166
12 182
50 210
84 211
100 241
26 248
62 256
68 257
43 269
32
92 1
44 4
47 28
3 29
41 30
47 32
44 44
30 60
76 68
64 77
93 97
11 111
42 112
15 117
25 126
27 139
93 156
89 162
42 169
26 177
73 182
40 183
70 186
58 200
48 202
85 226
63 227
9 260
40 263
18 266
14 281
38 297
28
26 32
30 45
72 47
24 48
31 59
89 66
6 86
98 98
40 100
57 105
56 108
30 127
44 140
74 146
27 163
76 179
88 189
73 197
23 209
75 215
87 219
93 223
27 225
49 227
59 246
61 254
31 270
7 283
28
11 28
39 33
80 38
81 44
20 49
52 84
56 85
32 94
3 105
80 116
69 118
9 147
17 150
2 157
42 168
71 187
46 196
69 199
37 208
48 218
86 224
42 235
27 244
96 251
74 258
85 260
82 263
81 278
38
34 4
51 6
16 21
6 23
76 32
13 42
18 46
5 67
41 71
76 88
3 92
45 117
11 123
86 125
30 129
27 135
22 139
22 142
14 144
64 147
43 148
84 163
92 171
58 176
49 184
72 191
87 198
29 203
17 206
66 222
90 231
53 250
95 257
72 263
53 269
59 272
47 278
98 280
28
64 7
81 14
10 20
21 40
88 49
15 62
90 65
79 93
19 104
70 120
42 143
73 144
57 156
100 158
51 174
15 185
4 189
37 200
66 204
13 208
29 211
88 241
6 247
29 248
1 268
59 270
58 271
60 289
21
23 6
44 10
50 43
96 63
81 87
95 101
61 108
67 115
100 128
59 136
93 145
21 161
96 177
14 182
89 208
6 217
13 231
17 232
16 243
26 253
22 275
30
77 36
86 52
52 57
66 64
84 75
87 80
54 98
74 105
56 108
83 110
1 116
88 142
44 157
95 168
65 184
3 196
40 203
75 204
26 226
66 227
38 240
58 242
95 243
3 245
69 251
76 253
84 257
90 274
57 288
26 289
36
30 2
86 24
18 25
38 29
16 41
61 63
84 68
37 75
79 77
30 86
78 89
35 93
97 96
93 97
63 103
45 107
93 113
92 117
55 123
28 148
71 155
8 166
54 169
39 178
8 179
83 182
1 196
100 204
42 223
61 229
59 234
77 244
71 252
72 280
31 286
65 296
28
73 25
8 28
100 35
34 86
54 98
92 105
60 107
33 124
69 129
61 132
74 139
48 146
44 159
52 164
8 169
66 175
66 176
39 186
23 189
80 194
11 205
1 206
58 237
90 255
19 266
56 277
63 281
34 284
33
5 2
74 12
13 21
99 29
20 31
10 32
58 36
79 46
48 54
53 55
37 57
53 62
93 67
25 101
63 107
60 120
74 143
98 150
96 163
26 168
16 169
83 172
99 178
60 199
6 209
100 215
94 218
73 240
12 268
60 274
74 277
25 288
10 292
28
88 31
39 34
83 55
90 70
92 72
43 80
27 90
25 95
50 102
47 105
43 108
32 113
19 127
93 130
66 140
74 148
31 209
4 215
24 223
86 225
43 250
55 259
40 262
91 264
83 273
26 275
94 281
93 293
31
91 5
58 8
11 21
65 45
11 48
73 49
85 73
88 84
16 96
78 104
86 107
1 121
7 130
29 139
9 163
30 166
61 170
98 188
27 190
48 199
84 202
46 211
53 217
66 225
18 227
53 242
12 244
57 275
98 287
18 296
71 297
21
81 28
14 32
29 45
95 48
20 59
30 72
32 78
19 82
55 84
23 121
30 129
43 139
60 160
99 173
51 210
5 251
66 267
67 268
48 281
55 289
74 293
25
95 0
22 17
30 21
21 26
95 37
100 39
80 58
100 62
49 65
77 75
35 93
26 94
37 98
55 101
45 111
94 144
55 196
5 225
59 244
73 268
26 276
70 278
74 283
43 288
38 298
24
59 36
38 49
20 52
89 59
84 64
49 83
9 84
79 89
51 139
21 154
16 171
72 173
54 175
62 184
55 195
33 198
15 204
20 233
42 254
61 261
76 263
50 274
77 284
58 288
31
20 12
92 23
1 33
82 35
4 42
94 51
43 52
30 56
56 64
15 68
16 101
39 105
55 111
78 114
17 133
9 136
22 143
5 153
52 154
92 158
66 165
58 170
74 190
88 193
39 206
84 250
88 279
60 282
9 284
46 294
89 297
26
89 1
14 4
55 21
93 81
91 84
12 93
70 102
74 103
42 118
83 142
32 151
34 152
62 153
60 159
78 173
84 185
73 202
23 207
41 227
44 241
74 246
64 265
79 268
82 269
18 283
42 293
24
54 1
26 8
51 10
62 12
93 41
14 46
40 53
30 64
57 72
31 121
13 153
37 159
5 160
87 161
34 164
35 193
31 196
41 206
48 209
57 210
70 231
19 282
54 289
64 294
31
27 3
98 25
74 26
38 27
43 33
71 34
11 47
3 56
57 64
32 65
68 71
25 76
87 83
97 85
81 126
62 127
60 139
4 140
44 148
24 172
99 176
43 181
93 203
42 215
18 222
80 235
96 236
11 239
4 264
74 287
23 298
30
21 7
14 10
18 17
99 19
27 42
41 52
68 65
91 75
45 80
95 82
58 86
47 89
1 98
91 105
39 113
19 138
38 164
1 178
28 179
46 184
45 187
88 192
30 222
76 243
20 245
88 246
88 265
21 266
69 276
56 277
21
88 5
24 10
33 24
75 40
95 56
98 82
42 95
92 113
99 116
99 119
56 135
70 137
55 193
76 199
52 212
63 217
66 225
24 230
88 236
46 247
59 252
29
7 21
80 38
73 40
81 50
44 60
71 71
48 87
80 88
10 94
21 99
7 117
10 129
51 132
23 142
24 155
61 162
34 165
91 169
35 173
42 180
81 196
90 232
50 236
8 245
57 264
73 266
43 268
72 277
66 294
28
16 11
35 13
95 51
24 65
98 66
96 94
23 95
35 115
43 116
3 118
53 121
3 123
67 131
96 139
46 158
36 160
44 163
12 190
99 200
51 211
65 214
2 216
78 221
52 226
85 246
19 256
9 285
18 287
27
91 1
57 18
22 32
64 41
80 69
38 77
74 84
33 94
14 106
18 123
29 139
87 140
66 172
59 178
76 192
63 195
44 209
67 230
69 231
56 237
32 259
87 275
43 284
59 286
75 288
9 295
66 299
24
35 1
82 39
63 52
45 62
63 67
18 74
11 101
26 103
84 107
98 117
48 122
57 129
59 152
54 154
13 177
35 202
14 210
60 225
54 238
65 267
87 270
69 271
5 286
22 294
20
40 1
9 10
17 38
51 64
83 66
35 89
21 105
52 126
57 135
33 145
84 173
81 174
94 210
68 216
72 226
14 256
82 263
17 270
82 288
60 291
24
21 29
18 34
55 46
48 49
13 55
3 62
99 104
64 107
61 119
15 126
12 144
12 146
24 148
8 162
97 179
12 189
19 202
47 212
83 232
74 236
90 246
77 266
15 281
18 290
26
85 5
18 16
77 21
17 29
67 35
26 49
74 56
90 70
77 101
89 113
57 116
56 126
42 133
9 134
99 158
56 160
5 161
23 164
52 171
74 175
43 187
94 210
21 218
51 232
78 259
6 266
36
6 14
64 16
12 22
39 33
8 39
39 43
59 49
76 55
59 67
74 70
15 71
83 108
80 114
95 120
66 128
60 149
61 167
28 169
52 176
42 186
96 188
56 194
89 200
51 206
54 215
45 219
78 231
83 239
73 251
2 253
57 256
71 258
71 264
86 268
100 270
14 296
33
31 0
47 28
11 31
8 32
93 40
22 52
87 56
93 79
25 82
81 83
41 87
30 90
16 96
77 122
92 124
52 136
68 143
2 154
10 156
46 163
47 176
77 181
69 184
61 188
78 200
90 211
53 221
55 255
65 256
52 264
97 270
58 274
60 282
27
68 0
98 2
46 4
18 8
93 23
15 42
69 48
65 59
65 84
46 114
22 115
82 129
88 138
80 139
88 146
38 148
65 158
85 163
34 171
26 173
72 203
46 230
81 240
22 256
73 272
93 273
50 286
21
89 13
48 26
85 28
97 29
83 33
4 64
97 81
32 115
52 141
10 142
73 152
38 179
22 181
86 209
59 229
5 236
100 243
59 244
3 261
29 276
94 286
31
41 1
36 5
89 10
36 17
96 19
91 25
22 26
91 60
46 61
95 62
13 63
97 77
29 78
9 90
17 107
26 108
53 120
56 127
94 136
59 161
70 165
20 166
73 171
52 181
65 186
59 189
91 190
25 207
4 227
18 231
88 278
23
25 21
4 28
2 44
43 68
41 71
81 76
32 84
88 89
83 99
31 110
95 144
68 167
55 173
70 197
41 199
45 204
55 207
21 271
20 273
40 288
28 290
38 294
96 299
21
33 6
84 13
77 19
67 31
5 37
26 45
22 64
27 99
44 112
87 145
87 170
36 171
5 173
82 175
10 180
62 182
63 184
85 186
94 214
75 219
7 241
22
41 62
60 65
29 79
74 92
52 107
7 146
49 153
93 165
12 169
8 174
92 182
55 191
23 199
64 204
80 210
53 251
13 253
60 257
35 264
52 269
88 286
61 292
33
34 2
42 11
52 13
8 18
31 39
85 42
18 45
76 66
48 68
39 75
80 87
64 89
57 107
1 118
26 154
67 158
52 162
71 165
10 167
79 173
60 210
28 227
3 236
73 240
32 242
39 244
44 252
49 264
10 266
78 267
35 272
57 276
69 296
29
21 7
35 18
12 42
5 47
88 87
28 110
2 113
62 114
40 116
83 122
53 129
85 132
45 139
45 144
31 162
57 163
44 184
50 189
77 211
65 215
10 227
20 234
99 245
61 257
77 264
30 272
80 277
64 278
32 294
28
26 0
4 11
34 13
86 17
22 29
88 41
6 47
68 52
60 75
51 111
79 123
44 138
45 144
24 161
78 162
91 172
31 182
54 187
94 201
68 213
61 222
14 226
21 230
78 231
75 248
66 255
48 281
93 290
32
81 9
94 18
18 37
29 64
67 65
71 72
82 78
84 81
2 86
15 95
75 103
60 107
29 110
32 116
22 135
35 136
19 138
64 146
75 167
29 191
36 204
98 205
95 206
53 209
82 215
58 221
53 229
6 233
71 238
19 247
44 274
30 278
23
21 10
5 37
4 42
94 49
51 52
85 101
5 103
11 143
75 162
41 192
22 193
30 202
49 211
73 213
11 219
45 230
41 236
24 252
34 256
32 266
7 274
13 275
19 295
22
31 0
58 31
59 61
5 76
66 82
54 92
24 116
11 125
52 139
38 141
15 143
82 156
96 166
60 179
15 184
71 195
100 206
16 253
68 258
92 287
73 288
63 299
24
2 7
26 25
24 38
41 49
73 52
41 78
7 82
38 85
79 87
8 100
37 104
7 110
97 113
55 150
98 155
47 166
50 168
16 178
20 192
1 249
89 260
88 272
48 273
94 282
31
72 25
48 49
45 69
74 70
50 78
5 80
52 86
88 106
82 110
77 113
4 114
9 126
99 139
52 143
90 161
86 190
25 197
42 208
62 222
82 223
42 227
9 228
28 241
96 252
91 257
77 258
7 269
42 283
46 287
100 296
43 298
25
72 7
57 13
90 21
42 33
37 47
54 69
27 73
59 85
29 107
2 124
78 154
27 155
59 156
90 172
44 188
97 205
41 224
77 231
11 234
79 235
36 249
41 256
68 260
49 266
76 288
22
73 18
31 25
85 35
41 61
47 67
57 83
78 84
16 96
90 106
91 107
56 111
74 116
84 130
78 145
92 181
1 208
19 213
31 224
35 268
52 270
88 278
13 287
24
76 2
20 6
74 48
70 81
11 92
70 141
31 142
71 154
84 166
57 181
70 190
72 210
3 219
55 227
23 230
34 235
70 242
86 251
83 252
43 268
43 275
26 278
22 287
59 297
28
70 15
33 30
94 43
32 56
100 66
19 85
44 89
56 127
100 130
32 135
46 136
81 138
78 159
25 175
85 181
53 187
51 196
82 197
78 219
38 220
49 234
85 238
35 259
58 269
40 274
58 284
74 292
6 298
22
40 3
81 15
7 49
33 64
89 72
80 75
99 80
46 92
23 99
66 107
11 120
33 163
76 198
58 201
21 215
22 225
48 227
4 239
37 259
38 261
45 288
28 290
26
62 11
59 19
76 39
15 87
69 90
79 94
51 122
31 128
17 141
71 149
72 150
96 153
54 171
69 175
91 186
97 187
72 193
61 204
83 218
11 222
43 229
55 235
79 241
36 251
16 259
55 298
39
88 16
3 18
72 20
40 25
65 31
8 53
82 55
63 65
35 68
91 73
35 75
72 77
62 79
16 86
63 95
42 105
73 113
43 133
89 134
84 135
47 163
85 176
62 177
28 178
53 182
16 187
49 190
14 191
36 193
62 200
79 217
10 219
2 226
79 232
35 258
81 271
7 286
91 288
76 290
31
56 0
33 6
42 12
40 26
32 35
77 53
75 57
2 73
85 74
58 80
35 86
24 99
5 110
93 117
93 120
87 124
2 126
81 159
44 166
90 170
23 174
57 176
6 204
18 210
24 212
38 230
7 259
77 271
85 281
73 292
93 297
20
59 21
76 31
13 34
43 43
87 60
100 89
41 92
32 121
12 131
83 150
60 172
11 182
100 188
63 211
11 213
6 221
95 227
68 251
3 260
6 287
25
57 26
2 29
84 40
19 45
56 46
2 49
29 61
59 89
9 95
100 98
22 107
57 108
22 150
44 152
70 177
15 181
40 220
67 221
43 246
41 247
60 249
6 264
88 272
81 276
76 282
22
10 5
92 21
93 22
24 38
93 43
80 50
92 51
76 78
80 101
98 103
57 112
73 116
18 152
4 174
12 189
3 209
26 219
77 231
60 266
17 280
10 282
29 285
25
94 5
71 14
64 33
54 39
14 42
11 43
87 100
29 103
51 109
29 120
39 131
88 135
8 150
89 155
59 159
94 164
39 174
84 177
52 204
50 228
89 255
90 269
18 281
54 283
26 295
29
95 5
9 6
94 21
64 43
55 59
47 64
94 66
67 71
41 78
62 81
96 121
83 128
69 133
4 150
34 168
59 176
72 188
89 192
1 207
44 210
97 218
89 245
100 246
2 258
95 268
35 277
83 286
43 290
50 296
25
64 8
26 11
55 21
4 54
55 56
28 72
47 80
67 104
99 123
38 131
64 141
10 144
53 159
89 168
78 174
34 179
43 188
60 193
90 195
32 233
64 239
61 244
13 249
68 279
68 284
27
72 1
62 19
60 21
64 28
96 30
91 37
95 41
47 42
95 43
30 44
81 100
90 125
56 133
47 146
81 154
97 158
1 170
76 174
70 198
80 236
23 250
31 260
61 264
96 268
49 269
73 275
68 277
31
16 14
27 16
28 47
46 57
28 72
89 80
99 113
72 122
21 126
64 127
85 128
12 131
44 135
14 137
57 142
10 148
41 149
29 157
21 164
43 165
25 181
78 184
47 199
99 217
63 221
75 228
12 248
25 258
53 279
63 296
17 297
25
23 16
75 32
63 38
2 41
27 47
39 50
63 58
27 78
62 90
77 91
15 120
62 146
68 150
76 170
39 190
85 191
12 192
70 198
46 201
18 205
88 214
45 215
85 248
42 259
92 293
26
36 0
4 12
77 26
36 33
6 61
44 72
41 83
34 106
47 130
98 136
28 145
82 148
77 160
17 170
25 189
2 195
48 202
78 203
16 210
95 217
90 257
18 259
63 273
74 277
64 288
47 291
26
76 2
41 10
22 16
53 21
51 42
44 48
77 52
19 61
36 70
90 79
26 95
84 98
61 99
50 103
33 118
66 135
90 154
99 168
79 172
35 224
40 225
4 235
86 242
24 246
63 263
85 280
18
43 22
84 42
19 54
65 55
14 88
95 92
16 113
13 157
25 158
49 166
67 193
7 198
14 208
31 231
30 237
58 262
9 265
5 283
36
23 1
88 4
13 18
85 31
24 36
62 44
22 45
50 51
39 58
80 74
36 76
74 85
47 88
49 106
58 111
45 125
50 127
26 134
31 151
25 156
52 189
24 199
19 200
21 203
39 211
83 215
39 223
29 226
76 245
15 246
99 271
98 272
76 282
61 286
60 293
5 295
31
66 4
48 9
32 11
13 30
90 35
31 37
56 73
50 84
79 90
84 104
8 118
33 119
73 120
66 133
31 146
96 147
61 150
53 153
99 161
27 167
48 171
19 196
60 197
86 202
65 205
82 220
31 225
54 226
32 232
68 257
6 265
20
31 25
51 31
58 61
82 63
87 90
25 109
80 127
47 167
53 172
79 179
15 185
26 190
43 205
3 208
34 230
90 251
67 267
33 275
10 293
47 298
36
71 9
31 16
54 19
33 23
69 29
16 30
81 40
52 41
88 45
78 55
60 58
12 61
59 63
48 77
47 91
60 93
8 96
77 105
75 122
39 129
41 136
93 139
24 146
50 150
26 166
54 178
21 181
99 188
53 195
74 196
54 197
65 221
77 255
94 265
72 277
55 279
27
27 19
3 26
36 31
82 50
82 80
14 88
80 108
87 120
72 126
23 127
70 129
95 139
77 143
49 147
36 166
39 184
59 196
39 199
49 214
10 220
99 222
87 236
84 239
58 241
71 259
26 262
98 265
31
71 2
66 7
68 9
14 14
91 33
76 36
39 50
54 62
20 72
26 92
63 101
29 117
42 127
60 137
9 146
54 170
89 174
44 182
91 183
26 198
42 201
56 206
1 215
15 216
63 218
68 230
58 232
10 242
54 246
10 253
16 255
31
4 1
91 4
38 8
77 25
27 52
88 54
57 60
48 64
10 69
59 74
95 89
27 123
94 132
5 133
93 136
3 139
89 161
83 163
18 183
86 197
37 209
97 211
74 228
17 229
68 243
55 254
78 272
23 273
68 274
26 288
93 296
27
24 27
61 62
61 65
46 81
11 82
76 89
24 97
55 111
26 115
43 119
76 128
83 156
5 180
67 182
58 200
81 205
10 213
62 219
61 229
95 240
12 256
9 262
37 264
82 268
37 273
27 293
95 295
22
90 0
94 6
5 7
23 13
97 16
54 22
81 34
83 35
12 48
6 50
70 55
50 97
31 118
42 127
97 131
98 138
87 142
7 168
80 183
2 191
91 273
5 297
30
48 5
74 14
56 20
92 30
8 44
99 45
37 71
14 85
46 90
83 104
13 125
53 133
89 142
12 159
91 163
52 180
59 186
67 194
80 196
43 199
25 203
24 224
60 225
14 229
89 231
97 260
56 268
67 285
82 290
10 298
35
54 6
35 10
71 14
20 24
12 29
58 30
16 40
60 45
15 52
61 87
31 92
21 93
49 95
65 97
5 101
24 110
25 111
52 114
91 117
30 123
86 128
100 137
5 156
41 166
8 197
17 203
81 207
99 211
21 214
96 239
11 250
57 268
100 271
21 274
14 296
26
65 26
14 27
25 36
70 48
45 50
55 68
24 75
61 88
60 95
47 110
96 128
42 138
19 160
97 169
20 185
100 198
16 227
6 236
76 246
30 248
24 263
100 268
12 281
95 283
8 289
46 295
20
13 10
52 41
86 57
69 64
39 71
8 78
10 131
11 134
14 144
93 155
62 156
88 168
78 190
87 219
48 232
28 234
57 250
35 262
2 267
99 272
30
28 6
40 7
43 10
18 18
82 28
4 29
43 33
64 36
35 46
88 61
99 68
38 92
32 96
24 110
92 128
3 130
47 131
36 140
93 161
92 172
75 174
56 176
95 179
11 196
2 198
19 210
19 252
21 272
66 291
95 293
28
28 1
64 17
65 39
49 61
6 63
30 70
76 71
9 76
44 100
94 109
16 120
71 148
76 151
46 155
25 161
77 170
11 183
11 212
84 213
29 215
28 225
44 237
83 247
41 256
32 263
31 283
91 286
57 296
30
80 5
13 9
50 15
81 18
76 19
30 25
24 36
91 38
84 41
97 49
45 52
13 80
26 103
3 142
96 155
33 157
44 163
68 193
39 199
5 212
42 219
52 224
39 241
39 245
71 251
95 258
86 261
54 269
30 271
23 277
28
61 1
33 6
11 8
24 14
97 26
42 31
90 33
48 36
77 47
12 60
38 83
23 113
27 139
41 150
71 173
66 180
14 188
61 199
49 206
47 213
34 233
99 243
77 244
100 246
45 257
8 274
66 275
34 294
25
40 5
64 20
67 28
75 39
98 40
16 50
16 69
84 70
51 77
62 97
89 127
4 157
66 197
27 206
81 212
62 218
15 229
19 233
21 236
27 237
25 264
39 288
22 294
33 297
23 298
26
15 15
85 19
5 21
94 64
57 65
5 78
4 101
41 115
52 132
17 148
59 155
50 181
92 190
88 199
63 202
49 204
62 234
47 235
96 240
80 247
53 257
85 266
44 269
20 276
8 286
52 289
27
50 4
56 7
50 21
6 35
61 44
34 60
60 61
73 62
84 84
94 108
83 118
60 125
32 126
39 131
19 154
71 168
21 177
53 182
27 191
2 196
14 202
86 225
28 254
6 261
78 263
78 280
58 297
29
22 4
5 13
42 14
36 32
78 37
39 46
98 51
81 57
99 69
1 72
28 74
13 92
2 97
22 127
18 141
1 167
36 174
73 186
85 189
53 190
31 194
33 225
69 231
18 237
94 247
5 254
60 278
88 280
46 298
17
84 10
14 20
39 45
90 48
26 50
52 61
24 95
28 100
40 109
18 110
67 121
36 122
3 138
20 150
34 208
71 236
95 295
30
15 22
7 24
39 38
92 76
50 85
20 94
54 98
4 101
25 107
89 109
19 117
45 162
32 167
75 168
54 181
99 208
6 210
81 218
62 221
33 223
32 229
16 240
30 242
6 252
18 261
91 268
69 270
80 278
22 287
1 297
30
64 21
74 22
71 33
45 41
55 52
80 53
59 61
18 64
37 68
30 76
32 85
16 90
8 95
84 110
15 121
2 128
55 131
45 137
54 145
44 153
47 156
55 160
99 171
2 179
48 181
55 182
56 197
54 250
24 278
37 293
20
79 21
93 39
22 54
45 58
29 60
90 65
43 66
45 118
50 132
91 157
33 171
86 174
8 211
29 215
25 219
19 247
65 258
88 269
22 278
58 293
23
72 15
59 22
58 24
18 51
90 63
84 97
13 99
26 109
99 125
15 126
84 128
34 167
37 168
27 201
37 202
76 205
89 229
37 230
68 248
100 253
9 273
63 284
69 292
24
48 6
9 19
27 23
32 42
98 50
4 59
87 83
70 95
84 120
21 127
88 140
19 144
58 151
98 191
88 193
90 201
88 204
29 205
22 207
70 212
85 236
74 266
85 276
29 296
19
37 4
83 11
30 17
17 56
94 58
93 63
62 74
93 81
55 131
52 140
96 158
97 179
78 191
89 223
35 274
71 285
25 291
76 292
8 297
27
48 2
64 4
48 11
4 44
57 52
93 62
88 63
35 92
92 118
57 119
70 120
88 165
56 167
4 171
31 175
97 185
72 196
60 201
34 220
45 238
97 242
96 247
48 272
34 277
89 278
98 294
90 297
33
53 5
87 6
7 9
12 12
44 15
35 16
12 18
25 27
79 42
85 47
69 79
75 83
43 86
4 92
70 93
44 100
80 109
47 113
65 124
10 128
59 137
45 141
93 165
82 166
70 183
51 185
29 200
51 211
40 220
68 229
41 243
36 262
88 269
28
33 1
66 58
5 76
45 92
56 97
32 98
73 101
56 104
19 120
30 135
95 143
91 156
86 159
56 161
28 165
71 170
67 173
15 178
13 195
84 211
21 226
6 239
57 247
100 269
3 272
73 276
66 287
49 299
34
78 10
48 22
35 42
8 48
57 57
41 60
54 62
57 80
37 82
69 86
31 92
47 138
92 143
37 151
50 162
31 163
24 172
61 174
36 181
37 192
75 195
67 197
8 202
61 207
80 209
99 210
32 212
76 225
76 245
45 260
44 266
9 288
100 291
9 292
33
21 9
97 15
71 16
94 40
29 48
88 73
91 90
13 92
42 100
27 105
37 128
50 131
53 132
86 133
77 143
60 167
96 182
32 185
58 206
83 212
2 233
100 244
76 254
99 256
57 265
12 272
26 278
37 279
54 285
63 287
94 291
54 292
42 298
28
100 1
50 6
15 18
52 35
82 82
45 85
85 97
39 100
51 103
83 104
82 106
3 118
95 131
89 133
87 135
20 190
55 202
73 214
31 215
68 222
46 224
58 229
43 230
16 234
20 252
75 261
38 277
58 279
30
30 4
69 5
48 9
79 17
79 24
43 27
56 38
21 59
86 63
84 71
79 72
51 74
69 99
33 104
59 119
61 122
42 137
45 155
42 161
41 162
43 173
13 179
92 182
3 211
89 219
83 249
72 250
32 270
26 272
45 284
20
17 27
18 37
92 61
57 62
82 85
89 108
56 128
64 133
98 136
73 171
63 178
95 192
59 207
16 215
55 223
44 254
82 263
9 277
17 279
43 283
26
29 8
59 17
66 47
70 49
23 59
47 67
66 70
4 91
32 97
34 105
73 116
50 118
15 132
26 146
60 150
77 151
18 164
65 170
67 180
40 208
2 230
28 250
19 257
8 260
19 269
27 272
26
99 4
17 21
95 30
50 51
93 53
3 62
81 63
62 75
16 88
12 136
73 142
31 150
72 156
99 169
9 172
3 173
79 183
52 188
85 207
54 215
87 236
81 257
26 258
9 283
35 285
21 295
300
27
26 5
8 10
58 19
17 23
11 25
26 33
15 44
85 53
31 59
33 65
85 76
87 89
77 108
79 113
24 134
68 146
2 167
2 185
60 189
29 190
62 194
84 240
82 270
67 279
15 287
5 289
32 299
