300
300
28
26 29
81 45
100 54
87 58
97 67
25 84
77 92
66 98
55 107
35 108
27 121
45 129
63 166
3 177
57 201
20 206
40 211
51 212
4 215
25 230
38 232
75 250
3 252
54 271
11 275
68 279
7 289
19 293
22
92 3
67 25
99 32
60 43
54 48
26 70
90 82
63 113
60 117
33 137
44 145
28 194
85 198
58 201
37 216
28 239
48 244
2 253
67 265
12 270
62 298
43 299
26
27 0
31 2
34 24
99 30
76 45
71 47
57 53
13 71
5 100
96 110
44 125
28 136
29 137
52 153
38 159
35 168
83 172
16 198
22 215
34 217
39 227
26 230
56 243
58 257
91 283
44 288
33
48 12
4 17
34 30
16 35
30 37
80 70
99 79
56 82
78 90
77 94
94 121
51 127
89 132
16 134
94 144
89 149
49 150
59 153
59 171
59 172
6 188
52 192
46 198
21 212
25 222
52 224
100 229
75 232
18 258
36 259
70 271
60 283
3 288
26
14 0
61 2
77 3
34 15
96 17
96 22
68 45
97 51
23 71
77 77
94 86
25 105
71 108
75 114
93 121
58 125
30 136
45 153
91 159
37 223
97 228
61 245
75 251
87 267
84 285
14 294
32
75 0
14 1
27 4
1 9
76 15
61 28
1 30
90 32
70 54
7 63
43 70
44 73
56 74
54 76
64 78
81 101
59 107
22 115
57 125
21 132
57 148
60 170
64 180
57 182
39 184
30 218
91 233
29 234
4 262
59 264
48 284
33 289
23
48 32
49 51
43 54
47 58
17 68
64 76
25 89
32 95
46 98
19 114
64 123
97 125
93 141
98 146
71 153
96 160
92 174
9 182
68 195
49 197
25 213
73 280
1 291
27
19 5
39 16
73 26
73 63
36 73
61 78
33 102
42 108
3 112
97 119
94 135
47 163
52 166
45 174
23 186
69 190
58 192
71 204
92 212
62 222
8 245
59 246
50 256
55 257
27 273
31 282
25 290
32
94 9
93 15
76 51
77 69
43 90
28 94
9 105
48 109
27 124
93 139
59 140
75 144
70 146
100 148
51 167
94 182
14 189
51 204
19 209
79 210
93 213
92 224
9 229
32 239
94 242
92 256
62 264
86 268
64 269
76 270
60 274
1 299
29
62 19
28 20
97 23
75 25
97 29
53 45
63 58
4 65
7 94
96 102
47 109
92 110
45 117
12 119
7 128
83 148
35 153
79 200
90 203
14 231
98 240
57 241
95 245
75 247
42 265
46 269
25 271
52 285
13 294
36
42 11
86 18
51 35
38 41
77 46
75 47
47 51
87 53
80 59
31 61
1 94
100 99
47 106
74 109
23 110
84 118
83 121
68 155
16 157
19 158
23 160
73 186
63 191
76 201
19 205
56 206
74 209
2 216
29 227
61 238
84 241
100 244
9 250
11 264
77 265
13 283
25
39 3
67 15
22 16
98 30
26 41
50 55
1 64
51 123
84 156
6 168
95 172
59 181
62 182
82 185
49 192
12 199
82 222
68 231
9 240
24 251
94 258
64 261
10 267
63 275
64 281
29
45 9
54 10
7 15
4 25
60 31
87 38
92 57
6 59
9 67
69 74
55 83
31 88
51 91
96 109
35 117
16 132
22 134
100 145
49 166
6 170
100 172
92 180
92 196
4 219
79 233
74 242
79 250
79 258
63 266
30
62 0
28 14
68 28
17 34
52 45
79 47
70 75
75 79
52 82
1 102
70 110
41 115
7 138
43 140
27 141
96 155
77 164
32 170
49 198
4 202
86 227
93 238
19 247
78 257
21 263
42 271
73 272
5 273
44 276
14 296
26
40 6
65 14
41 17
69 25
63 32
78 39
68 70
35 72
94 98
32 100
29 142
5 148
38 157
70 158
61 160
74 177
93 180
51 198
98 205
16 235
32 239
44 244
93 253
68 260
28 270
57 289
34
44 1
7 16
75 22
85 28
95 42
48 45
37 47
34 52
44 61
69 62
28 63
4 65
32 71
13 80
89 85
28 91
16 92
19 105
39 109
47 123
13 137
38 142
50 151
2 183
8 188
93 198
61 206
20 225
27 229
19 247
35 249
3 258
74 266
62 298
23
3 8
42 63
33 71
59 79
100 105
87 138
47 160
83 167
33 168
18 173
47 175
26 228
27 235
90 240
71 247
90 248
26 256
96 258
83 267
98 270
94 274
38 277
97 287
28
29 32
6 43
91 51
26 69
42 92
32 110
11 115
74 123
4 133
49 141
21 146
16 154
35 178
89 191
86 205
90 220
50 242
93 244
50 247
53 250
63 254
60 265
16 266
92 268
54 274
19 275
78 279
82 297
29
95 13
25 21
11 22
16 32
64 35
11 52
57 63
75 83
15 95
18 97
40 104
59 108
97 114
29 124
93 129
61 145
62 147
89 151
88 154
91 206
8 211
96 228
34 231
50 238
24 269
8 274
76 280
4 289
35 291
27
39 39
99 43
33 47
94 58
67 92
30 105
26 119
17 127
2 138
82 147
3 158
34 164
67 177
18 185
5 192
84 198
13 211
63 230
45 232
66 237
34 247
32 269
4 270
86 271
30 284
50 287
39 290
34
7 33
97 47
5 67
64 76
8 78
8 82
88 95
83 105
18 109
1 110
27 113
56 115
68 123
37 125
42 140
75 142
15 152
9 163
41 168
68 176
76 184
34 185
89 193
62 200
13 223
98 227
72 236
74 240
46 242
18 250
72 253
95 272
45 278
93 285
25
83 11
70 13
27 17
66 29
71 34
27 51
62 60
76 67
19 70
70 76
59 79
77 86
71 114
29 115
86 118
60 147
11 148
45 153
6 163
59 167
71 182
65 191
47 217
68 298
48 299
43
98 2
91 8
67 11
5 20
53 30
84 43
3 46
81 48
50 56
46 57
28 77
85 78
72 95
80 96
88 104
28 106
28 135
54 137
23 142
26 147
24 152
51 153
75 159
42 168
16 172
96 174
65 184
46 185
76 190
89 196
4 197
81 209
77 212
9 234
46 248
10 249
22 253
46 257
93 271
86 277
65 281
72 292
43 298
23
81 24
52 55
23 77
13 96
24 97
80 103
97 108
46 121
79 160
46 162
66 186
17 196
77 225
88 227
78 237
31 250
77 255
34 259
96 270
92 271
58 285
60 292
71 294
38
67 6
66 14
86 18
39 39
71 53
99 61
91 63
21 64
44 71
3 78
9 83
26 91
100 105
52 120
40 121
18 127
73 135
49 148
15 152
24 156
41 168
95 179
46 181
1 193
33 194
8 196
35 198
71 200
46 202
5 218
52 250
76 252
69 261
54 265
89 270
93 273
62 294
66 298
25
83 8
6 30
42 55
15 81
59 95
44 98
1 121
8 144
69 147
55 152
27 162
15 174
80 176
56 183
95 190
8 200
67 217
62 220
94 226
6 239
66 242
62 252
28 253
46 274
33 279
33
1 11
69 22
90 44
14 51
3 57
43 86
95 87
70 95
26 105
25 107
39 117
37 119
70 127
18 134
33 149
66 155
77 161
59 174
41 179
47 184
77 186
82 203
39 209
100 215
26 235
96 241
81 263
54 273
64 274
64 276
13 284
99 289
95 291
37
36 5
15 9
31 11
87 13
79 23
88 28
13 35
59 48
4 62
77 70
20 72
77 84
10 88
32 123
65 150
10 159
79 160
9 162
96 176
22 177
47 181
69 188
18 189
1 192
75 200
43 204
48 216
43 219
50 226
74 245
25 247
16 250
71 258
28 269
31 281
45 290
50 296
37
83 6
34 31
49 38
93 41
64 42
100 48
26 50
36 55
53 68
15 89
25 95
69 108
77 118
100 136
89 137
11 139
39 145
35 153
43 159
53 161
99 164
3 175
84 178
97 179
18 190
99 194
64 199
15 202
42 233
52 234
51 235
16 260
72 284
98 289
47 290
84 293
90 294
21
22 11
57 13
93 45
92 51
88 53
54 56
14 59
72 99
24 107
52 136
60 139
44 150
45 171
22 173
72 175
54 188
20 193
53 200
80 223
44 271
90 286
31
3 5
16 7
22 20
10 38
94 57
71 90
12 102
70 110
46 131
17 136
28 142
39 158
89 177
67 181
32 185
71 187
23 192
67 218
62 230
65 231
19 233
39 235
27 246
4 249
74 252
52 264
37 267
78 270
11 275
64 278
24 291
26
23 6
62 12
47 14
90 25
97 35
27 46
42 47
23 68
94 76
80 93
21 97
51 107
57 127
38 130
12 169
76 176
25 187
6 189
98 199
69 228
10 240
37 253
86 278
90 281
34 295
73 296
35
21 1
5 5
49 7
80 12
80 18
88 43
4 51
92 54
68 59
13 61
40 62
46 100
63 104
90 106
7 141
91 152
28 159
39 177
62 184
52 186
17 191
62 197
99 201
76 211
4 225
97 238
17 248
57 264
93 270
88 274
100 284
93 289
7 291
34 292
88 298
31
23 3
31 12
42 23
55 26
43 28
61 35
96 37
23 48
42 72
99 80
5 91
57 112
3 115
61 157
90 163
70 165
52 167
96 173
13 193
25 204
39 212
50 238
26 241
57 247
29 257
27 258
29 275
5 288
71 289
21 292
19 297
42
35 3
11 10
91 22
41 44
17 46
57 50
77 55
15 61
17 76
22 82
5 88
85 93
46 99
10 102
9 105
16 116
75 117
22 129
22 140
91 147
9 149
60 162
81 163
88 164
43 167
68 173
89 187
30 189
86 191
8 192
3 193
87 207
89 220
63 228
91 229
76 251
75 259
12 280
54 284
2 286
67 289
77 296
29
73 5
55 7
9 10
89 43
18 46
51 54
30 65
65 76
93 86
78 91
3 95
72 98
19 116
92 124
60 135
33 145
35 149
63 160
60 170
60 203
19 210
89 231
50 241
58 244
37 251
31 260
95 262
91 265
87 284
32
65 4
42 41
88 56
55 63
2 70
100 79
43 80
79 89
72 113
44 123
8 125
77 130
23 133
34 151
48 159
26 163
93 168
28 176
20 194
55 196
31 202
40 205
20 208
7 219
90 226
37 231
32 240
10 257
81 274
60 281
77 286
83 288
32
31 0
77 2
4 11
17 31
21 33
36 36
57 37
75 47
7 53
63 58
31 61
68 71
81 78
26 83
1 112
91 122
39 123
11 134
80 136
52 142
90 147
26 151
96 154
78 165
67 169
65 214
14 245
94 272
42 273
61 279
41 294
99 299
23
6 2
83 5
15 17
25 21
47 48
93 55
65 99
95 100
25 142
59 147
27 152
36 157
21 164
55 178
27 179
87 187
45 189
31 205
75 215
38 218
21 285
84 287
10 288
28
6 7
29 9
66 38
11 77
33 79
25 80
26 102
64 108
75 138
44 144
40 156
25 163
97 167
23 182
63 199
5 208
39 209
82 215
70 218
86 235
4 246
40 249
97 250
5 260
68 263
49 272
10 277
94 283
31
57 6
14 17
97 39
60 46
58 57
92 59
47 64
80 69
93 70
94 100
53 103
75 104
92 119
91 137
47 141
31 156
100 160
89 161
22 163
35 164
88 167
93 168
80 183
9 196
96 197
43 236
46 249
40 264
73 268
31 279
1 293
26
15 6
86 13
36 17
6 25
85 29
47 33
82 41
90 42
82 50
59 61
30 79
40 125
55 146
16 152
5 169
70 171
4 197
58 206
46 216
24 244
7 246
49 247
37 255
24 266
20 274
92 295
26
89 22
16 35
95 36
77 51
85 61
93 66
74 67
73 87
3 96
40 98
2 120
56 141
63 143
25 168
41 179
52 184
59 200
12 201
22 204
31 221
29 245
31 268
100 280
93 283
58 284
63 292
42
16 15
13 23
75 29
35 37
26 40
3 41
37 45
65 66
95 80
14 86
43 91
7 94
79 103
62 108
75 110
38 117
43 118
90 129
18 148
83 150
12 151
71 163
32 170
31 177
21 178
68 195
48 199
8 203
55 211
91 213
41 233
29 243
89 256
28 263
51 273
79 277
94 286
29 288
56 289
81 290
14 297
86 299
29
37 11
25 14
41 16
87 17
49 22
87 28
64 33
37 66
65 67
98 83
71 94
56 98
93 102
96 104
68 120
76 124
47 157
94 163
17 170
51 185
57 191
38 212
36 238
27 239
83 257
64 259
58 273
48 283
33 292
34
96 16
93 20
27 26
90 33
24 34
92 53
33 56
13 60
39 62
47 72
61 75
94 80
96 81
12 85
66 88
44 96
27 98
58 107
55 119
72 135
67 137
15 138
45 158
33 172
65 195
32 208
62 214
60 229
47 244
80 271
92 274
98 284
77 291
87 293
38
84 3
23 11
57 12
20 13
67 17
31 32
44 43
26 54
2 56
71 72
93 81
98 89
8 91
80 98
78 99
91 110
96 115
72 138
70 145
28 148
64 154
60 164
19 178
82 182
25 184
95 200
48 212
66 215
67 232
39 235
70 242
71 243
57 252
80 254
92 256
95 278
92 280
87 288
30
29 20
41 29
48 31
88 43
33 45
49 48
63 50
56 55
16 59
54 79
89 83
50 100
65 104
46 113
85 130
3 137
91 146
23 176
23 197
35 200
83 207
42 211
5 224
75 231
96 244
29 252
84 269
47 270
61 272
93 283
26
10 3
100 6
3 16
67 25
86 35
90 51
74 96
56 97
61 134
44 145
22 154
47 163
97 184
34 200
34 203
22 208
96 220
70 231
51 237
7 242
41 243
99 256
43 257
36 258
59 279
32 283
23
58 17
76 46
65 80
82 105
17 135
40 137
70 139
97 144
90 145
86 182
26 190
91 191
35 194
55 205
45 217
9 223
40 240
83 244
52 248
96 255
52 272
39 278
39 294
32
72 10
79 14
81 22
58 33
26 44
20 48
96 55
86 56
29 82
59 90
70 100
51 105
21 131
1 139
16 148
57 149
95 158
80 161
92 201
68 208
3 216
7 219
25 235
43 241
38 244
59 253
12 262
21 266
17 274
84 278
24 292
6 295
32
74 7
17 28
15 35
15 40
43 42
61 50
89 51
27 64
20 66
38 68
74 70
22 87
50 90
20 101
94 107
77 132
85 151
73 159
69 186
12 200
56 202
64 207
59 209
44 211
99 214
55 230
57 238
32 264
70 274
9 280
2 292
17 296
27
18 35
84 38
63 42
78 69
93 89
50 90
6 91
52 110
59 113
50 115
82 120
11 135
58 162
9 175
82 182
40 183
3 203
23 209
56 214
53 229
77 246
48 266
54 269
89 273
78 274
67 281
94 291
25
66 13
41 17
10 20
69 32
25 41
92 70
54 99
39 102
92 110
37 117
16 123
58 138
3 169
47 170
100 171
96 190
32 205
84 210
43 214
70 225
19 230
73 233
32 254
36 264
47 298
37
63 3
86 12
92 27
60 47
5 72
89 77
87 80
18 85
82 88
75 90
28 98
15 114
72 120
86 122
26 123
34 132
22 144
82 152
60 162
39 163
39 165
35 175
46 181
15 198
87 202
96 215
87 217
54 218
22 225
4 232
95 239
22 241
28 249
69 251
14 252
5 262
37 289
21
41 22
40 33
100 54
51 75
91 90
45 92
37 102
55 118
96 122
77 133
94 157
71 171
42 174
67 176
4 179
35 216
2 235
49 260
22 268
27 274
50 288
24
57 0
97 17
49 24
73 45
98 60
25 66
79 72
95 104
61 136
28 147
44 153
96 156
55 177
90 178
94 179
60 200
37 215
92 220
96 227
1 230
57 257
20 265
49 289
88 294
31
79 11
85 13
57 29
42 34
84 47
64 54
38 66
98 76
9 85
46 87
71 105
11 127
93 128
18 131
64 158
50 167
23 173
74 190
35 197
55 201
64 204
70 211
40 213
37 214
21 222
92 252
81 266
77 269
82 279
4 291
87 295
31
59 4
18 8
25 27
98 36
9 51
31 53
31 65
36 79
39 85
74 110
11 123
57 127
83 130
21 137
74 151
71 163
16 168
84 176
17 181
7 191
65 199
50 208
43 230
19 256
42 263
89 268
97 269
32 270
47 271
1 275
52 278
33
98 1
78 4
27 7
53 14
69 19
16 25
85 34
47 67
37 71
60 75
99 94
53 119
29 120
59 128
13 151
43 157
27 161
7 169
36 195
58 211
59 221
92 229
69 230
54 231
56 236
56 239
91 247
88 250
35 251
31 258
51 266
79 271
39 294
35
59 27
1 28
33 33
38 39
35 45
91 46
20 47
84 67
1 73
17 82
92 83
8 93
83 117
93 121
78 122
99 125
75 162
62 170
99 171
60 176
3 192
53 194
77 202
54 203
65 204
39 205
70 213
61 222
41 226
96 229
69 233
69 243
94 244
89 258
58 282
27
12 2
67 4
90 7
43 12
79 16
89 18
88 28
27 34
4 58
88 72
18 92
91 111
7 115
97 131
90 142
19 189
46 193
40 211
84 238
36 253
43 259
56 268
77 274
95 281
54 283
82 286
75 287
43
74 4
40 16
3 19
64 45
1 53
30 62
83 63
53 65
17 72
49 73
85 75
56 80
54 81
32 82
94 87
18 90
69 99
7 112
52 122
11 124
41 125
33 126
45 127
95 130
91 136
67 150
69 153
19 166
18 173
60 181
79 207
20 210
7 221
78 224
59 228
4 248
30 253
96 260
14 269
14 277
11 278
16 279
45 289
24
51 2
53 16
67 41
80 48
45 51
87 54
25 59
76 91
28 97
7 127
15 134
90 140
57 146
14 167
12 177
71 184
100 187
56 192
87 194
30 195
5 226
84 268
16 285
53 289
24
27 1
55 3
55 51
41 86
52 90
66 112
27 114
86 118
68 136
61 145
32 147
58 160
45 163
45 166
97 182
95 206
79 220
48 233
24 240
69 265
78 278
5 282
62 284
81 285
33
25 9
99 16
45 19
48 31
43 48
81 50
3 60
7 75
40 87
5 96
13 100
29 126
30 127
33 129
98 142
24 150
69 151
10 180
58 187
3 210
57 213
10 215
35 221
90 229
41 232
40 245
57 246
22 248
67 259
27 260
9 264
13 265
46 294
24
54 6
87 7
36 15
82 20
5 37
42 40
57 47
19 56
74 57
24 113
51 172
25 176
61 186
48 206
91 214
40 224
5 242
64 266
53 287
96 289
74 293
82 294
28 298
90 299
38
28 0
23 3
49 15
40 18
57 20
27 23
86 26
88 27
68 38
45 54
87 67
82 71
40 72
27 77
93 80
79 100
65 108
12 113
19 124
34 129
70 144
93 148
26 155
75 162
31 164
66 168
71 188
97 191
29 222
37 232
67 239
1 241
83 245
89 262
86 265
73 278
58 289
55 297
30
45 3
23 16
20 27
32 29
80 52
71 53
66 58
95 59
45 78
59 94
98 100
45 104
77 105
80 117
54 142
96 152
10 154
95 169
82 192
47 216
24 217
12 220
42 223
32 227
80 236
18 238
21 252
5 279
58 282
75 285
30
66 4
26 5
43 10
15 31
82 37
25 38
58 56
3 67
20 106
32 125
74 131
61 132
21 136
60 143
66 152
12 161
10 171
62 173
53 184
59 205
96 225
95 227
57 229
48 232
69 238
65 251
58 263
32 268
6 278
12 290
45
9 9
13 21
41 40
76 45
61 66
27 67
88 72
46 85
18 88
74 90
63 91
63 93
43 94
16 96
12 99
4 100
52 102
81 104
2 107
46 114
31 128
9 133
18 137
44 140
79 160
49 162
34 164
98 165
60 166
69 177
18 182
37 194
24 204
79 219
99 225
45 227
17 252
96 254
6 259
32 268
57 272
84 277
91 281
55 283
50 297
33
58 2
42 6
64 28
49 29
99 43
52 48
80 50
12 56
90 60
11 64
16 84
11 85
30 89
86 93
71 102
38 108
58 111
77 112
52 143
64 153
13 165
4 175
10 195
36 201
9 212
11 222
79 238
79 243
60 247
85 258
17 271
53 272
65 294
28
48 29
21 31
45 35
9 38
22 41
94 48
81 61
38 88
25 95
14 101
48 102
63 117
68 128
86 140
6 163
11 165
21 198
47 200
41 215
43 226
98 229
47 257
92 261
80 267
52 278
85 283
96 285
43 292
31
85 1
91 2
85 11
56 18
16 31
90 47
7 56
7 77
98 78
99 80
45 86
74 97
98 104
38 107
48 109
81 129
57 140
79 141
33 182
60 186
14 194
43 200
15 206
15 217
76 223
32 233
85 256
21 260
11 266
71 271
63 288
34
20 3
58 5
99 25
24 50
2 54
18 73
6 75
10 94
2 96
23 104
9 112
58 121
69 127
28 136
1 143
83 150
15 179
8 192
77 193
37 205
62 208
43 212
36 214
20 229
10 234
38 235
7 237
96 256
22 265
91 269
83 276
66 282
46 284
21 293
33
35 1
70 3
23 9
60 47
52 60
49 103
49 110
33 120
93 124
88 127
72 131
98 135
22 139
80 142
66 145
90 146
69 171
69 191
66 197
14 214
96 235
49 239
71 248
85 258
80 259
1 261
11 262
54 269
27 271
12 272
84 285
55 293
43 297
38
66 3
39 4
87 5
9 8
17 9
23 22
47 29
95 32
54 38
4 62
34 66
73 67
82 74
87 75
94 131
8 139
16 148
90 154
46 166
49 174
46 175
64 185
26 198
81 201
59 206
9 210
24 214
24 217
7 224
46 241
27 265
10 266
86 269
64 280
91 282
92 286
9 295
20 298
28
13 3
21 4
60 10
28 52
6 57
61 59
19 69
37 80
39 94
20 99
8 116
22 124
47 127
1 129
97 137
77 148
82 161
18 187
100 200
62 201
99 204
96 208
14 220
33 229
80 234
86 251
78 271
71 277
28
8 0
9 13
54 26
67 37
85 54
5 61
93 69
64 70
47 72
71 92
75 93
55 101
90 108
98 109
14 119
12 132
13 149
78 154
9 181
48 187
12 194
33 203
30 233
26 258
16 262
17 272
95 278
71 296
35
28 17
52 26
2 28
2 31
81 40
10 47
37 49
24 55
83 62
29 73
37 75
5 99
48 111
34 146
7 148
68 154
9 156
27 169
53 173
71 181
95 188
1 192
29 193
80 201
57 202
91 206
21 209
6 225
13 227
35 236
23 243
41 256
76 274
38 278
89 298
41
13 14
25 22
88 25
96 32
62 40
82 42
28 51
67 57
4 61
69 64
74 72
70 73
78 82
70 94
38 99
8 125
69 133
61 136
45 138
24 147
57 155
13 174
5 183
59 201
89 202
90 207
60 223
92 225
30 234
71 238
69 239
19 246
51 247
44 248
18 249
60 257
91 278
51 285
40 295
64 296
55 298
33
7 9
28 18
58 19
8 22
44 41
44 54
9 59
6 74
91 81
28 83
27 87
56 133
35 143
33 152
96 153
67 154
95 162
95 178
77 184
32 191
9 192
93 196
23 199
26 200
17 203
16 204
72 219
33 231
80 250
93 252
20 260
95 292
43 297
38
79 0
51 12
98 14
65 20
53 23
42 24
59 28
5 36
81 46
57 57
37 70
85 76
16 78
21 89
70 93
12 95
89 120
86 147
78 148
39 153
53 159
14 176
90 194
70 200
93 207
95 208
44 209
60 228
25 229
65 242
26 244
73 250
74 267
35 272
95 289
66 294
78 296
74 297
24
95 11
8 17
34 21
81 26
87 34
95 38
88 42
43 55
84 58
78 61
37 72
20 103
22 109
63 118
49 145
94 172
2 175
79 197
84 215
23 266
14 268
38 272
20 274
70 297
32
78 3
36 20
22 29
32 40
68 45
68 62
78 69
4 74
77 107
3 108
95 111
39 113
50 114
1 123
29 128
95 133
17 140
76 141
22 155
46 157
90 182
54 204
41 219
76 220
34 227
94 228
49 234
34 243
1 244
89 289
17 291
65 299
38
88 1
65 2
80 3
23 16
12 22
88 39
33 50
27 51
8 54
83 60
12 62
59 69
47 77
40 110
53 119
83 123
18 128
34 130
98 141
38 145
89 147
5 149
93 155
24 170
55 177
21 180
28 201
23 202
23 217
42 223
22 233
51 248
81 251
18 258
33 260
49 291
34 292
75 294
29
90 18
94 59
86 77
97 80
35 84
56 89
86 96
12 110
71 111
72 116
82 119
36 122
26 131
20 138
87 143
88 161
88 162
17 187
13 189
31 194
83 222
18 224
56 255
86 260
79 261
100 264
18 273
67 283
99 299
29
16 12
39 13
13 19
62 37
4 45
89 48
27 55
79 73
94 78
59 80
32 90
15 98
52 133
43 135
64 137
48 143
53 168
99 187
75 190
14 212
17 228
92 229
75 247
69 250
56 263
44 274
53 278
77 282
70 294
39
18 16
81 23
36 41
22 44
70 47
39 50
15 51
28 98
65 103
40 106
42 109
48 127
22 128
66 130
65 131
68 133
52 150
98 153
66 155
38 166
71 184
42 187
25 208
33 216
84 226
54 235
15 236
88 240
41 241
49 245
37 249
62 254
94 256
21 262
99 272
76 278
32 284
43 288
30 294
15
63 8
48 16
53 18
68 38
51 40
16 63
55 73
35 92
65 103
54 116
84 117
18 123
94 225
44 238
8 264
35
75 6
86 10
4 21
35 31
79 37
32 42
75 44
45 50
8 63
2 79
26 99
82 137
24 139
38 149
75 150
35 154
88 158
81 165
9 175
30 194
34 221
98 235
43 241
15 246
99 251
44 260
42 267
55 269
12 277
75 280
19 281
68 290
83 292
42 293
24 297
27
92 8
99 23
7 31
62 47
85 55
77 57
92 59
59 67
15 69
33 76
48 83
100 103
89 114
41 123
14 126
62 140
71 143
62 152
77 170
99 179
50 190
55 226
8 227
75 232
63 237
98 239
16 260
39
10 3
8 7
6 16
79 17
11 32
93 38
5 54
25 55
40 62
45 65
71 71
91 80
70 92
81 93
94 94
13 97
5 125
84 129
94 130
75 132
85 157
20 166
84 177
58 184
87 202
30 203
19 206
6 208
30 213
69 226
53 231
28 243
17 245
21 246
24 253
100 259
90 271
95 284
40 295
41
75 9
88 15
68 21
27 29
60 37
19 40
35 43
82 63
24 68
5 69
29 85
30 87
88 93
85 111
59 125
98 139
100 143
82 147
77 149
25 152
88 154
97 158
51 159
100 161
10 162
27 188
87 198
48 202
58 212
38 224
51 225
2 228
53 244
17 258
91 263
30 265
68 267
28 272
87 274
44 284
93 291
30
36 0
91 6
93 7
79 24
51 32
1 36
99 41
88 56
53 61
4 66
69 79
30 105
74 106
49 125
52 126
86 131
87 153
34 185
21 193
89 201
30 220
47 239
93 252
67 256
54 259
61 260
20 264
98 273
37 278
75 292
29
98 0
92 3
63 5
100 10
47 17
84 28
53 36
98 47
67 53
68 74
16 93
99 96
69 102
58 103
16 136
46 165
31 189
95 191
97 198
3 209
10 211
22 213
83 220
36 233
25 247
96 248
27 260
24 278
21 295
27
6 2
72 7
68 33
95 42
22 52
30 58
38 123
65 124
5 142
83 144
31 148
76 172
63 202
37 205
70 218
14 220
32 223
34 230
53 231
54 232
34 233
3 238
18 239
31 257
91 278
1 282
23 296
29
52 24
11 33
83 35
47 39
5 49
47 56
4 67
66 72
43 85
60 95
38 101
4 115
51 121
52 126
41 144
15 160
95 175
17 190
94 196
48 197
32 198
18 212
35 227
44 270
47 271
19 274
35 278
16 282
71 294
26
25 30
48 38
5 48
54 58
93 68
26 70
16 77
36 106
22 119
42 134
30 149
81 180
90 202
2 214
74 220
71 228
19 229
76 238
1 247
46 255
12 270
2 272
54 273
1 278
1 279
10 291
37
95 35
36 44
75 65
48 76
8 78
85 79
90 83
96 85
58 93
56 102
27 103
66 108
2 123
36 127
63 128
51 134
80 140
78 158
4 165
82 166
29 169
94 173
29 190
19 193
41 199
34 219
88 239
17 241
80 242
87 250
15 257
28 267
22 269
34 273
56 274
35 275
76 286
32
18 5
15 8
90 17
86 29
82 30
69 43
93 45
78 57
37 60
97 62
73 69
72 70
7 85
54 95
53 109
31 125
28 126
9 153
72 157
59 158
3 172
68 205
46 206
64 209
50 210
83 227
45 247
30 251
30 269
11 274
49 275
83 296
44
67 12
58 25
83 58
73 59
36 67
100 71
90 73
9 74
13 85
57 88
73 93
3 99
12 115
17 125
71 132
46 136
38 138
66 142
52 145
65 146
33 158
80 163
67 171
7 173
65 174
62 186
82 187
70 193
17 194
17 198
4 217
18 242
52 247
70 260
9 265
69 268
78 271
71 272
57 274
4 276
90 277
3 283
24 287
1 291
33
99 1
73 5
85 19
21 29
95 31
26 37
78 39
45 66
51 71
44 85
86 93
29 101
95 103
18 104
45 105
61 120
45 127
73 148
53 151
58 162
98 164
58 173
44 192
22 194
39 209
94 227
16 229
77 230
35 232
3 248
54 280
31 284
70 292
29
26 6
17 15
56 20
31 63
54 65
27 72
62 76
38 80
96 92
92 101
48 105
63 107
62 110
13 112
49 139
11 172
36 173
74 174
99 184
45 186
46 190
72 214
70 221
74 240
46 241
35 243
4 249
32 268
63 282
27
76 9
54 17
84 27
36 28
88 35
21 43
15 58
85 81
14 95
16 102
80 118
35 127
31 133
98 144
65 155
98 172
98 189
53 196
65 198
79 217
4 222
89 230
81 236
82 249
90 252
30 273
96 275
28
73 9
32 71
34 73
82 76
58 91
1 106
33 108
29 128
26 132
75 137
64 150
85 156
95 161
83 190
79 193
13 203
59 207
32 209
60 220
62 229
32 246
78 248
71 266
32 271
68 283
58 291
48 292
35 293
33
80 6
39 17
88 45
41 54
3 65
58 74
98 75
2 86
48 89
45 99
69 122
41 127
39 128
97 142
58 146
35 151
1 157
48 158
60 159
91 163
99 169
31 172
39 187
78 188
36 191
98 195
49 254
27 258
88 261
7 274
7 276
39 286
19 289
27
5 17
82 32
76 46
86 54
67 66
90 90
24 91
21 112
1 124
96 126
23 159
40 163
83 168
41 171
74 192
30 209
12 212
12 213
35 239
36 252
32 255
8 274
15 280
65 285
47 286
10 289
22 290
30
27 1
55 17
53 29
8 36
74 45
60 52
49 60
45 64
4 70
51 88
82 93
44 101
80 111
70 120
16 125
54 130
33 136
51 143
80 144
66 149
22 165
91 175
95 218
3 228
77 241
62 260
22 263
76 272
34 273
39 282
33
92 5
82 7
7 11
2 32
60 49
78 52
9 64
84 104
42 109
64 112
54 118
16 125
21 127
88 138
58 139
59 153
75 155
50 167
99 173
4 181
80 195
27 205
54 206
49 210
65 224
67 225
65 227
96 230
85 232
81 242
27 260
49 263
64 295
32
44 10
40 25
24 48
65 54
39 58
18 64
78 70
55 83
89 93
23 99
75 111
100 112
82 117
44 119
99 133
65 146
82 150
9 190
66 191
28 193
96 197
10 206
27 216
12 224
11 230
94 234
37 245
5 270
68 275
23 284
87 296
6 297
29
17 18
76 20
94 29
60 45
61 46
79 93
77 96
17 103
62 133
53 137
42 142
52 148
14 153
72 154
55 156
27 160
81 168
4 179
1 188
86 198
83 225
36 264
88 268
52 269
94 271
95 274
72 280
34 291
73 298
28
71 6
96 28
67 31
68 80
73 84
60 89
77 100
95 118
83 130
86 160
10 162
55 166
51 169
30 170
61 191
56 196
26 202
53 204
48 216
10 225
89 234
56 238
7 242
11 273
98 279
48 289
8 290
21 299
24
59 4
52 17
17 54
14 55
22 56
16 75
12 79
49 82
84 90
37 108
70 126
77 149
52 172
93 188
52 190
63 194
71 199
81 215
34 223
6 237
21 244
17 256
59 258
27 279
27
22 6
52 16
73 44
49 60
79 68
36 69
66 71
23 112
34 118
7 123
16 127
46 143
41 144
79 153
45 157
36 170
8 187
20 203
58 210
11 217
73 230
14 236
82 240
28 260
71 263
100 276
69 286
28
41 12
82 17
69 25
29 46
84 69
15 72
93 77
30 81
15 82
24 88
66 90
27 91
32 100
25 104
21 108
21 125
8 177
27 183
30 193
29 208
74 227
28 236
96 251
10 252
11 267
84 281
90 290
50 298
30
90 13
20 18
64 20
35 24
43 26
10 38
45 39
32 53
90 62
93 73
64 80
57 91
47 113
97 129
90 137
14 148
74 157
5 161
67 166
80 177
29 187
43 188
94 208
94 214
61 216
39 252
67 270
16 283
52 287
63 290
33
23 10
65 13
7 15
72 24
86 32
83 37
53 46
10 52
76 64
20 75
13 77
40 84
93 85
49 91
36 108
85 115
86 121
84 125
46 129
18 134
25 177
18 188
82 195
55 197
11 199
19 228
83 232
8 237
17 245
9 256
5 258
2 276
16 293
33
39 9
5 51
33 57
23 62
93 65
81 76
76 77
49 81
12 90
98 94
21 95
4 101
88 102
40 105
2 115
12 120
56 121
42 123
29 124
93 126
81 142
37 169
44 177
34 181
8 186
86 211
94 215
6 219
87 222
60 242
40 245
63 250
35 276
27
84 18
21 25
76 28
50 38
73 41
80 47
15 56
43 91
19 114
18 127
90 154
92 158
55 161
92 165
24 178
100 180
10 195
32 197
32 198
62 233
10 246
99 249
41 250
98 251
80 258
49 270
60 279
25
38 14
92 22
53 28
64 34
93 37
74 39
98 45
14 46
42 60
31 63
62 76
11 84
18 94
17 96
77 117
41 142
35 157
89 170
2 173
87 207
28 212
52 224
47 245
40 277
89 285
32
32 1
35 8
92 34
60 38
44 52
41 53
83 56
86 57
21 63
99 76
39 87
99 114
37 117
80 129
43 136
27 138
48 161
36 168
68 173
69 177
49 181
49 199
61 202
92 217
67 225
72 229
67 239
67 240
32 258
94 261
4 293
27 299
31
91 17
93 19
50 29
2 40
90 46
28 49
11 57
85 58
82 62
69 71
9 75
79 77
23 81
42 83
24 84
6 98
55 107
34 111
58 144
1 147
31 151
50 153
74 160
91 177
13 219
61 221
45 235
26 256
80 281
4 292
44 299
25
79 18
27 32
56 40
57 63
31 87
43 97
84 98
11 100
92 102
71 132
85 148
46 157
55 163
47 168
94 175
94 191
71 201
39 202
65 208
65 209
29 245
87 265
48 267
45 268
90 275
20
99 26
45 33
39 60
39 66
2 71
26 80
77 83
94 95
60 96
95 98
39 121
33 122
17 167
86 175
95 178
9 190
6 237
3 253
66 263
33 271
34
27 6
83 14
38 22
10 24
79 55
91 56
70 80
71 85
48 95
93 100
85 121
89 124
90 142
11 143
100 147
4 148
26 154
84 157
20 159
24 165
26 171
60 211
23 223
10 225
38 235
66 275
46 276
49 277
82 278
8 280
66 289
30 290
66 291
29 296
30
16 14
32 44
37 48
94 69
64 71
99 81
63 88
10 91
56 92
47 104
9 107
15 121
83 131
96 141
72 145
35 146
39 150
24 179
94 183
86 192
77 195
4 236
10 251
18 258
80 261
62 265
97 269
66 270
29 280
46 298
24
47 25
93 37
41 56
73 60
44 64
60 78
22 103
44 106
44 119
78 139
60 157
18 161
18 162
83 165
11 170
16 177
40 218
73 225
81 235
31 247
81 269
61 274
15 288
59 299
30
83 8
34 9
46 35
42 57
78 81
88 87
2 94
57 95
59 105
15 106
75 108
15 119
92 123
41 130
2 136
94 137
57 148
33 153
93 172
1 174
94 175
45 177
51 188
15 198
76 204
90 212
23 229
63 236
61 253
91 292
25
68 11
29 28
97 39
73 43
78 69
70 73
9 86
84 89
13 98
36 103
78 131
53 144
97 166
31 172
78 173
30 189
41 211
74 223
22 234
58 236
74 242
44 274
38 275
32 294
37 299
24
36 18
70 40
47 44
33 45
32 66
7 82
37 90
7 91
73 106
2 113
65 133
52 146
5 156
44 176
39 179
46 200
2 233
32 234
89 238
26 248
29 272
67 275
71 282
62 287
34
54 0
100 12
20 18
71 27
8 38
3 39
97 41
10 58
35 77
77 79
85 85
83 86
56 87
83 88
36 103
85 110
74 116
55 149
8 155
43 156
32 163
35 210
80 211
32 213
3 224
98 228
80 240
44 247
41 249
56 267
22 277
13 278
74 291
57 292
19
15 5
98 17
57 42
92 45
39 82
26 115
10 127
33 132
22 161
20 166
35 172
83 182
90 185
71 199
55 219
98 271
63 274
7 278
38 289
32
72 8
22 10
70 11
2 19
13 22
53 37
66 44
51 52
17 53
70 77
99 85
21 95
84 108
60 122
22 124
38 146
100 156
15 167
19 172
92 178
3 202
65 207
51 214
36 219
20 223
86 224
2 256
96 261
77 262
6 264
37 270
81 286
36
86 8
33 32
16 33
27 39
36 41
73 44
82 47
2 48
78 51
13 59
38 80
3 84
55 98
60 100
27 107
10 114
3 118
86 120
4 128
12 136
59 144
76 145
19 157
5 167
49 169
38 185
98 186
39 196
78 215
57 229
21 230
21 236
88 245
89 255
99 259
75 277
27
74 6
67 8
93 57
68 100
56 113
19 124
83 156
64 170
34 183
18 186
3 187
72 188
29 194
7 205
49 222
65 227
99 228
100 232
74 244
58 251
31 256
32 276
100 278
52 289
88 291
90 294
4 298
39
57 0
64 2
76 8
96 27
52 36
9 52
13 54
30 59
19 63
44 82
66 95
44 99
60 101
24 117
79 123
39 127
27 130
1 135
1 144
87 147
44 154
91 168
90 180
55 192
44 193
9 194
26 195
56 203
11 204
28 211
18 225
93 229
1 237
46 244
66 251
27 272
69 274
27 285
39 288
31
24 3
83 21
22 31
97 39
17 57
41 58
38 60
9 88
73 110
80 111
51 118
88 119
29 125
68 126
6 138
42 143
4 162
95 174
5 181
35 194
94 212
64 218
76 225
50 230
67 231
62 262
5 265
94 278
46 288
18 294
85 299
34
58 3
34 8
8 23
48 28
68 40
49 54
29 59
74 89
11 90
78 93
97 97
63 100
52 103
46 114
3 121
4 143
23 144
76 146
13 149
47 159
20 166
49 169
92 192
49 201
92 219
93 225
54 234
32 241
60 242
32 247
62 250
19 255
68 273
27 299
33
41 19
77 21
53 30
97 32
20 34
23 35
7 36
36 40
97 53
14 57
49 62
30 67
96 83
36 126
91 134
19 152
57 157
7 160
70 170
48 172
78 191
76 194
85 206
21 207
28 215
24 217
88 221
98 222
26 244
94 252
27 263
61 281
10 284
29
8 4
98 12
47 19
45 25
24 42
92 63
80 66
33 67
59 69
57 86
73 90
14 102
27 123
90 140
57 144
18 146
54 148
31 165
74 173
40 188
66 190
89 204
76 218
96 221
73 238
70 239
95 241
62 263
73 282
32
84 19
30 51
64 59
62 67
22 77
34 85
78 89
14 92
52 117
86 127
48 131
93 132
53 137
99 144
37 167
29 175
76 193
98 203
69 204
86 209
72 211
43 217
15 232
62 234
26 244
4 257
10 258
59 263
81 265
61 273
74 275
45 293
36
90 5
52 6
63 29
43 36
19 41
88 61
29 68
58 88
96 92
85 96
67 99
87 103
4 111
25 130
12 147
97 154
36 164
18 168
35 176
2 182
22 185
92 189
39 194
76 196
41 200
94 207
35 214
41 218
96 229
49 238
84 239
41 253
86 257
37 258
42 293
32 296
31
63 18
15 33
75 47
75 54
29 59
80 61
75 65
69 68
41 75
27 77
97 87
36 93
67 103
23 110
35 135
15 139
59 159
72 160
83 161
63 196
90 197
52 201
9 212
84 213
9 214
13 228
86 242
60 268
74 269
100 286
17 293
30
82 8
28 45
100 65
38 67
88 70
17 71
1 73
75 85
56 91
91 96
71 109
92 111
23 138
95 161
66 162
57 163
11 167
71 181
90 187
76 189
21 192
37 210
11 220
50 228
61 233
86 236
43 276
1 284
98 290
29 292
36
51 16
77 20
75 24
98 34
12 37
54 38
66 53
18 56
85 58
66 68
62 102
90 105
89 109
1 111
22 138
93 139
79 145
97 146
91 169
12 170
57 171
86 179
85 191
67 194
9 199
75 209
4 211
46 218
98 221
55 223
27 229
74 242
44 249
3 253
43 276
91 289
27
37 10
60 28
91 30
28 61
43 67
77 82
25 87
61 92
93 95
92 100
92 105
66 108
32 114
47 117
25 149
63 151
59 163
20 167
69 174
99 185
45 197
79 201
45 232
46 240
89 242
98 272
88 282
23
2 6
50 38
14 42
75 59
39 63
19 64
23 75
99 119
47 128
63 162
28 179
68 180
87 206
41 211
9 218
85 225
36 230
86 246
8 251
82 261
89 264
34 278
89 285
28
48 27
36 34
10 35
36 44
55 49
57 54
8 57
15 64
43 87
16 103
20 121
42 141
84 142
83 156
32 170
90 171
25 200
40 201
26 205
97 208
22 211
64 212
54 229
83 233
37 235
26 243
92 265
56 296
38
99 15
15 17
49 21
10 28
28 30
59 31
3 35
34 50
40 57
49 67
50 76
68 87
54 90
77 95
7 96
79 97
34 100
16 115
89 134
7 144
89 161
91 163
72 166
5 168
43 184
98 188
11 191
17 198
39 214
29 218
88 237
87 241
53 243
4 251
48 283
99 294
71 295
63 299
21
67 40
20 62
11 71
42 74
5 112
60 128
42 130
41 131
31 159
100 183
40 191
82 213
32 219
6 226
7 237
8 245
25 257
44 260
99 267
7 286
15 287
32
74 5
18 7
54 8
40 11
49 19
100 30
29 35
33 53
47 57
54 62
36 82
31 90
16 94
56 103
22 119
79 120
72 123
7 124
80 139
20 147
88 162
22 169
31 176
93 183
18 206
86 217
73 225
40 228
23 239
90 257
87 271
58 299
25
46 8
14 19
13 41
91 42
98 55
84 59
3 68
10 86
6 90
18 98
70 100
99 112
30 145
39 146
88 155
73 156
85 192
90 193
84 214
95 241
32 242
82 244
28 255
58 268
96 294
26
99 15
64 40
37 54
53 77
11 88
69 97
16 98
2 107
40 115
46 150
84 157
84 161
89 164
89 187
10 203
83 205
39 215
26 222
69 230
77 243
54 245
12 247
57 252
80 285
13 286
25 296
28
77 2
61 16
12 18
30 29
66 40
67 41
98 56
35 62
19 79
3 114
71 133
79 135
18 146
88 148
79 153
40 179
68 183
72 195
17 210
59 221
42 230
16 232
85 234
68 245
25 246
2 251
63 267
85 269
37
97 4
62 7
78 21
38 25
86 30
44 45
7 49
18 52
47 56
28 79
26 83
71 89
58 91
66 93
17 118
60 121
58 123
17 134
80 143
37 160
70 162
51 178
79 180
70 181
10 184
1 195
87 208
41 218
4 241
97 268
8 270
94 271
75 275
54 276
18 279
94 286
20 291
30
63 3
100 21
91 33
30 43
78 45
96 48
72 67
42 71
12 75
77 88
63 91
61 94
58 98
45 105
13 109
41 114
4 153
83 158
82 162
59 164
85 166
48 176
76 177
91 184
56 212
80 229
68 234
96 261
82 284
15 296
39
56 0
31 3
42 5
36 7
19 8
10 9
38 13
74 22
38 33
60 48
56 63
82 66
42 72
43 78
25 87
71 89
41 113
43 115
65 118
54 123
81 124
1 127
80 129
43 141
89 152
95 154
40 162
71 170
27 182
80 184
44 199
55 213
4 222
86 224
46 258
74 273
85 287
41 288
81 289
32
46 11
35 13
84 17
45 19
29 30
13 37
28 44
64 50
53 75
2 90
32 91
37 96
76 99
84 101
7 140
47 144
94 156
30 163
64 167
91 188
9 192
10 193
69 201
83 208
34 210
45 237
39 243
39 248
3 266
44 284
99 287
48 296
23
82 5
87 6
13 11
4 22
81 25
34 39
79 41
8 60
88 101
32 102
39 129
4 151
76 158
69 167
39 178
37 190
17 195
22 197
11 258
68 263
14 267
73 287
45 296
31
68 9
63 25
61 31
24 34
86 43
23 71
25 80
29 85
89 90
28 97
37 104
58 105
45 113
39 132
86 133
13 139
57 159
41 166
14 177
32 184
88 188
17 196
76 211
5 214
53 224
81 230
53 260
19 266
28 277
94 278
33 290
39
14 1
46 16
88 48
8 51
69 70
43 82
33 85
61 120
23 125
77 127
12 133
31 134
34 141
43 143
8 144
40 148
14 159
62 162
100 173
12 174
80 179
18 186
69 197
97 212
54 217
60 220
59 223
30 226
92 232
30 240
89 243
23 252
29 259
67 265
17 266
68 269
20 280
75 281
31 292
28
26 2
85 8
50 14
20 33
12 70
52 73
4 75
14 83
59 84
6 98
1 110
78 111
19 126
52 127
56 128
30 146
4 148
26 160
21 167
44 168
42 198
50 208
90 213
50 235
50 236
89 283
70 295
19 297
29
13 0
54 2
21 4
75 5
57 7
33 31
27 45
76 51
99 58
7 59
19 82
10 96
19 98
58 122
30 123
79 141
23 150
42 165
9 169
53 206
62 209
35 213
51 220
64 226
11 247
98 252
43 277
20 280
78 298
23
4 23
5 62
83 67
60 81
42 87
63 99
37 141
87 155
51 164
9 170
84 187
60 205
59 208
21 223
44 226
52 249
54 255
68 257
36 266
53 274
34 278
72 279
26 283
45
45 3
28 10
30 12
33 20
14 26
20 32
81 41
97 44
8 49
39 54
2 64
44 84
56 110
54 115
93 124
13 133
66 140
6 143
34 147
17 155
59 156
24 157
6 159
30 161
88 180
12 185
48 198
86 203
18 210
77 214
96 215
24 222
23 230
95 233
25 234
59 235
37 239
36 240
37 241
37 243
12 255
45 258
25 265
81 275
85 299
27
56 14
99 31
65 36
20 39
99 68
10 75
52 77
46 109
100 126
26 134
80 144
93 175
23 176
26 186
70 197
11 205
21 216
57 220
29 241
25 244
92 256
47 260
52 262
44 272
39 275
27 287
37 288
33
70 16
67 17
65 24
62 28
76 55
26 57
15 75
6 82
61 95
26 98
29 108
10 114
97 115
3 121
98 122
25 134
99 170
40 172
52 189
1 192
18 200
98 213
36 218
2 221
62 232
98 234
26 238
96 247
55 248
3 253
14 258
9 262
13 274
32
100 21
99 35
100 69
78 84
5 86
90 107
16 108
56 119
9 123
72 124
39 150
18 151
76 153
28 158
44 167
39 170
65 185
44 192
10 205
53 208
92 209
26 210
59 211
34 237
17 238
17 257
78 258
28 264
74 266
5 275
46 276
50 277
30
98 8
7 14
79 37
92 42
100 44
38 53
55 68
62 71
36 72
31 78
41 84
55 95
71 101
17 120
66 122
51 141
23 143
70 144
42 175
14 176
39 195
69 196
82 201
91 205
4 233
83 245
38 252
96 272
49 284
49 287
31
88 0
39 2
26 4
9 15
15 20
15 37
3 42
85 49
68 52
5 66
74 99
98 101
87 103
89 104
27 112
36 121
34 132
42 141
66 147
64 155
37 174
38 191
90 192
52 199
40 213
52 220
46 228
79 252
67 264
46 266
81 288
21
93 24
50 25
33 33
20 34
66 52
66 55
24 65
100 72
65 81
68 95
73 127
21 145
16 147
59 170
62 190
42 215
98 254
64 260
65 274
70 282
95 294
32
47 0
96 7
56 14
70 16
50 19
94 20
72 40
95 41
36 50
81 63
89 64
14 67
45 99
22 103
80 108
2 128
76 129
33 134
83 152
82 181
15 183
38 191
48 194
5 208
85 215
12 224
99 225
76 240
42 253
72 265
32 268
25 297
25
91 6
67 23
18 53
58 66
34 68
83 74
42 94
53 104
90 122
51 123
98 132
47 133
99 157
66 171
12 182
66 183
37 185
9 206
41 217
51 226
1 239
94 278
94 285
27 291
10 294
38
68 0
87 5
98 7
5 12
39 16
80 25
55 43
31 54
95 61
33 67
95 80
41 88
92 93
44 94
15 105
5 116
1 124
19 143
62 144
18 146
25 147
25 164
22 169
65 170
63 175
62 188
48 198
28 199
99 222
34 239
81 245
66 249
68 265
74 266
35 273
15 279
18 280
91 289
38
2 5
36 13
6 20
20 30
90 32
82 38
79 47
87 50
16 54
12 67
98 70
81 84
32 92
61 95
88 96
28 104
94 118
47 135
72 138
2 140
74 144
20 148
50 150
83 153
91 178
57 195
36 200
31 213
85 220
8 240
95 247
97 254
46 260
37 261
51 262
39 273
67 287
35 288
37
75 4
58 6
53 8
14 16
6 22
69 24
59 26
97 30
38 36
50 38
17 60
78 82
41 83
35 90
82 93
32 99
58 114
91 116
64 128
97 148
87 155
19 161
50 166
31 175
53 182
60 201
23 214
11 216
7 229
2 240
36 251
58 257
50 260
8 262
69 266
59 268
62 274
32
26 6
64 14
82 16
55 21
19 33
38 37
28 44
60 48
22 52
59 54
69 56
47 59
42 78
61 86
87 91
75 93
85 116
72 123
93 124
11 125
7 126
68 136
94 143
28 152
43 157
63 166
26 198
48 199
53 202
2 237
82 283
1 290
34
78 4
25 9
72 27
90 52
84 58
20 66
28 67
24 74
55 77
85 116
7 122
15 133
50 139
65 140
20 154
100 159
98 163
3 168
48 182
96 185
35 188
22 197
13 221
78 228
14 235
1 240
91 245
48 246
62 248
85 259
22 260
29 264
54 277
81 294
28
27 0
57 3
82 25
100 44
100 56
5 65
28 70
24 77
7 79
71 90
85 94
96 116
24 166
68 170
59 181
6 205
100 210
57 214
33 215
63 220
51 228
47 236
17 239
36 240
55 254
35 278
97 281
42 290
33
57 3
44 15
10 16
30 19
28 28
15 42
77 47
6 63
9 73
12 81
21 86
12 95
81 100
14 121
100 124
73 148
57 157
71 161
11 164
46 190
46 200
52 201
64 212
16 221
60 223
42 230
57 235
9 238
2 242
36 263
37 265
33 288
43 295
23
20 40
11 70
61 80
77 84
14 105
3 126
8 133
18 141
77 143
9 148
32 171
19 173
80 180
92 217
60 219
14 231
29 245
73 264
48 279
18 284
20 293
47 294
55 296
26
74 16
49 21
5 23
27 29
62 39
14 54
21 65
8 69
1 74
7 80
41 108
60 127
76 144
83 185
64 186
20 190
86 213
67 228
18 229
74 243
50 245
14 253
13 258
73 279
38 287
89 290
28
23 1
98 14
14 15
70 29
40 31
29 51
77 54
35 74
20 81
28 86
4 89
13 115
87 127
88 137
31 151
44 158
13 183
44 188
79 196
23 205
7 231
26 248
44 250
59 272
76 281
70 288
86 290
86 294
24
54 7
84 8
94 11
21 14
84 22
78 31
94 61
53 75
87 98
97 124
30 128
62 142
57 150
30 193
94 200
79 250
98 251
72 258
90 259
4 260
59 278
49 285
30 288
37 297
25
55 27
43 37
41 42
93 45
55 57
90 73
25 107
86 115
58 117
63 120
80 121
7 126
29 165
51 176
48 178
14 179
14 182
6 188
97 198
14 203
40 218
56 224
85 246
12 257
96 293
34
43 8
85 15
45 17
2 20
6 32
52 36
13 43
52 56
36 73
81 87
41 90
66 100
17 120
55 139
95 150
38 153
68 157
1 160
46 163
73 167
88 174
27 175
56 177
63 180
94 197
95 207
57 212
40 217
76 230
39 250
62 253
76 277
80 278
24 281
25
93 0
66 8
80 32
44 37
59 43
43 69
1 79
19 87
63 90
60 106
67 110
17 135
88 143
66 149
39 159
24 160
40 174
94 178
65 179
17 212
54 214
92 215
42 254
56 256
45 271
23
52 7
77 9
37 30
35 69
16 106
36 110
76 112
37 116
23 135
93 140
34 155
89 157
48 158
76 187
54 189
32 198
23 208
38 215
6 216
52 225
3 269
94 280
13 292
30
55 2
95 8
43 32
86 40
86 43
71 51
2 79
100 93
53 107
50 113
91 117
20 127
15 128
60 141
11 144
50 148
18 151
33 159
79 173
93 179
39 182
99 188
25 192
2 200
3 205
6 224
81 230
68 242
40 264
53 281
31
49 8
81 12
3 43
95 80
92 83
34 105
78 112
33 117
54 138
59 147
70 148
92 151
11 152
63 160
11 162
70 187
12 195
39 213
23 217
93 219
33 221
4 238
7 240
17 252
49 253
74 260
90 265
15 266
79 273
20 285
2 298
25
21 2
16 10
23 18
68 25
82 37
46 48
84 66
90 93
39 97
57 110
22 125
94 133
86 139
61 140
56 164
52 166
29 167
36 178
71 179
88 200
99 201
53 245
93 246
77 267
25 294
31
80 1
35 5
73 10
16 14
27 31
2 37
47 39
63 52
82 53
89 62
75 65
87 66
92 79
31 98
42 107
96 120
72 155
65 161
81 192
78 196
40 212
10 216
42 217
79 223
57 236
5 239
12 246
63 248
84 265
23 269
37 277
40
34 4
61 6
54 17
88 18
15 19
94 23
91 28
88 34
98 49
49 51
86 58
86 62
35 63
20 68
91 75
69 84
7 100
69 106
3 110
17 112
85 113
43 145
81 149
73 160
60 163
70 175
83 178
91 205
66 211
65 214
12 215
82 218
84 223
55 228
69 233
97 253
71 255
68 262
33 277
89 297
27
33 6
40 9
80 23
99 53
97 57
12 75
51 78
2 92
16 102
8 116
75 117
84 126
73 127
86 132
14 153
97 156
66 180
15 182
35 202
72 228
44 232
33 247
15 253
12 266
86 274
47 276
32 292
36
24 14
44 15
87 18
31 27
70 31
88 37
83 40
99 45
51 47
45 54
24 57
53 62
100 63
24 76
69 99
97 105
42 107
36 119
32 130
89 134
15 139
66 145
60 154
5 157
93 167
10 194
79 197
76 198
98 203
28 233
34 239
77 240
19 245
98 256
32 263
63 274
30
95 23
93 28
57 39
40 43
10 46
26 56
44 58
92 80
7 81
13 90
23 95
53 100
42 126
83 136
50 145
87 154
35 159
47 164
17 165
32 179
13 190
31 192
6 248
11 256
92 265
26 269
42 273
81 276
21 280
12 282
26
64 26
53 41
15 44
42 47
31 59
33 80
65 81
11 86
54 99
37 111
41 112
97 115
48 121
41 131
64 142
44 155
100 177
11 180
4 187
5 190
5 196
98 227
49 228
6 239
77 262
29 291
38
92 1
89 19
34 26
96 28
94 32
8 33
88 37
47 41
30 44
25 54
53 68
48 79
68 83
28 85
45 89
3 99
31 108
74 113
72 122
28 123
39 128
49 130
57 141
79 188
50 192
71 193
73 203
56 212
12 223
10 226
28 240
36 255
55 261
29 262
87 274
11 277
70 282
56 285
36
5 25
63 32
35 33
6 45
1 46
18 77
50 82
56 97
78 112
95 114
15 115
11 122
64 124
11 131
73 154
60 157
7 162
46 168
87 180
51 187
45 188
7 201
27 203
23 226
11 228
64 238
11 240
36 242
57 254
39 255
18 263
23 268
96 272
43 279
5 284
20 287
32
52 7
44 9
83 22
55 24
66 35
88 48
43 61
68 70
36 86
7 92
100 105
76 131
61 133
45 142
4 154
22 169
18 177
62 194
18 195
70 198
70 207
62 213
18 223
48 231
1 245
39 257
80 267
95 280
82 286
34 287
30 294
87 299
28
36 3
35 22
59 25
48 26
13 34
20 68
92 74
95 76
18 79
81 115
86 119
99 129
89 144
69 150
73 164
10 167
18 178
10 206
60 210
16 214
98 228
60 233
84 248
52 268
37 281
78 284
89 287
99 289
33
56 10
94 11
69 27
4 33
61 56
79 60
3 73
92 93
12 94
36 96
35 100
46 109
16 113
41 118
35 130
73 132
76 139
84 142
89 145
9 154
93 158
20 191
12 202
44 203
48 212
87 238
76 253
82 262
45 264
85 273
30 287
90 288
36 295
23
75 3
4 18
34 20
9 33
80 37
16 55
96 109
70 115
59 124
22 135
65 155
2 164
94 203
19 216
77 229
62 234
44 235
35 237
4 240
13 241
27 272
67 285
77 294
23
8 13
12 22
73 35
65 65
56 71
31 78
77 101
39 113
49 130
50 132
69 139
46 153
16 158
95 168
75 173
15 187
24 195
32 210
88 234
3 262
59 268
86 276
29 279
32
92 7
73 16
8 24
12 33
34 40
54 58
30 96
24 102
40 109
55 113
95 116
99 136
30 137
87 139
23 143
68 145
87 146
24 161
33 167
51 181
14 183
18 185
31 191
36 196
80 207
59 222
3 234
4 237
5 238
25 254
26 283
48 292
33
82 2
52 21
24 26
30 27
77 30
56 42
9 43
59 56
98 59
47 76
53 84
90 89
55 92
60 99
15 102
38 103
22 109
1 124
27 140
55 163
3 165
57 187
78 205
74 207
83 249
92 250
60 254
19 256
19 259
7 278
21 284
7 290
43 299
33
78 0
79 3
99 15
78 30
8 33
40 39
28 44
8 58
31 63
64 74
14 95
39 100
64 114
58 123
89 134
20 145
97 146
3 148
91 150
64 152
99 153
49 165
45 177
56 184
17 190
48 199
57 245
28 262
96 266
2 271
43 288
35 290
45 296
26
5 15
80 43
44 45
11 50
38 59
72 61
37 67
16 75
19 86
67 90
6 107
20 125
58 140
68 154
3 196
86 208
71 213
90 217
32 219
94 227
35 229
40 240
87 241
29 258
28 265
92 283
33
32 2
86 12
71 16
96 21
83 26
97 42
18 45
2 50
23 54
40 67
91 89
5 102
80 105
74 109
78 114
57 120
4 124
59 128
70 141
50 142
24 161
10 172
13 189
88 190
100 200
17 202
99 211
45 236
55 241
60 247
55 258
13 272
68 276
29
95 1
87 14
4 28
71 34
47 64
100 74
46 78
30 81
93 93
51 117
1 121
57 133
41 134
11 141
24 151
32 165
85 175
98 188
82 189
57 195
58 199
34 201
48 206
82 213
83 223
39 236
91 246
40 259
56 262
30
47 0
8 23
28 25
85 26
97 39
56 49
58 58
33 61
84 68
68 84
28 92
76 93
27 94
65 98
46 108
59 113
50 115
70 130
87 136
40 139
89 144
73 162
56 184
13 192
70 209
24 224
31 264
17 265
68 279
47 299
28
66 3
36 12
37 14
42 30
34 37
18 38
50 46
43 53
65 54
32 87
68 89
38 98
100 104
59 121
54 128
98 136
50 156
5 173
5 183
12 192
33 202
71 207
72 223
61 239
48 240
23 247
26 269
22 278
21
89 1
28 8
99 19
58 43
66 53
93 66
50 75
34 76
37 104
9 111
22 127
73 139
70 172
59 176
46 179
36 183
68 187
20 214
10 252
61 256
45 285
21
39 5
2 20
72 30
22 43
26 45
93 60
4 62
80 108
100 116
19 134
45 172
54 195
61 210
37 215
54 224
48 245
49 261
46 262
38 270
94 282
27 286
38
10 0
88 2
4 6
25 22
97 24
3 25
25 30
34 47
58 55
28 57
37 74
50 84
49 95
89 109
52 122
73 132
84 135
22 139
88 146
80 151
35 168
34 175
43 186
79 188
85 194
42 195
59 211
88 213
4 217
23 224
75 229
26 232
86 241
46 243
1 245
71 259
44 266
97 299
31
18 7
9 13
71 23
53 35
79 37
52 44
19 48
23 61
96 62
69 77
59 82
49 91
6 94
81 97
21 106
91 110
3 113
85 133
74 134
16 152
66 163
19 170
39 192
59 235
58 247
72 253
18 257
37 263
20 289
49 290
57 297
35
99 11
100 13
89 18
15 28
9 63
80 71
65 78
64 83
19 93
11 95
12 99
58 103
76 106
83 115
57 130
29 135
41 146
28 148
61 158
20 161
59 164
90 170
49 183
87 193
97 203
16 208
36 218
64 223
83 234
71 236
39 255
70 256
96 283
33 295
100 298
29
100 2
76 15
67 22
88 29
56 44
26 55
94 69
81 106
32 113
89 117
69 118
71 134
41 135
4 149
68 151
91 156
36 157
61 164
29 177
21 205
37 211
61 225
33 226
90 232
75 239
63 246
12 264
42 275
75 288
24
65 28
19 42
21 63
5 82
26 96
72 107
96 130
67 142
6 144
59 158
70 162
72 166
14 173
63 175
87 188
67 222
53 240
62 242
55 244
37 247
66 251
88 258
97 260
93 281
34
17 5
77 9
80 11
44 13
50 53
40 56
33 81
38 82
47 89
94 95
58 97
89 102
39 125
84 126
39 133
31 138
2 206
8 207
38 213
62 214
46 218
52 223
51 235
86 238
94 248
13 254
87 264
3 265
49 268
58 274
85 276
1 279
49 290
13 299
29
6 7
89 33
10 35
63 40
91 51
94 53
55 55
67 61
49 74
97 78
49 81
83 107
21 117
88 123
44 129
96 156
95 169
53 178
19 186
17 212
17 236
6 262
36 263
90 265
29 279
7 280
63 282
46 292
90 295
27
48 3
71 9
60 11
27 15
3 33
19 48
23 61
37 68
12 71
61 87
78 115
37 124
43 131
73 132
67 164
1 203
86 209
34 217
17 218
94 226
44 228
69 235
37 248
82 252
73 271
63 289
87 295
24
62 15
12 26
97 28
22 35
2 49
50 63
69 81
21 85
36 98
22 125
41 137
50 157
78 194
56 207
60 227
53 236
65 239
22 247
27 248
42 260
52 266
57 280
63 291
45 299
24
4 33
64 51
99 52
26 54
84 56
24 61
60 79
29 87
42 88
55 91
80 120
77 126
66 133
89 154
34 158
14 193
44 208
33 245
15 253
50 259
58 277
15 279
5 296
34 298
34
26 40
35 43
100 51
62 67
15 73
88 92
86 106
54 123
55 132
7 138
36 140
61 148
49 150
61 153
72 159
50 167
52 170
66 174
85 180
21 183
72 186
100 187
46 196
16 197
54 204
37 206
47 222
60 230
65 242
8 256
88 264
73 270
55 274
4 297
19
82 22
1 28
88 52
59 54
97 83
50 102
55 104
17 116
3 145
55 155
71 219
82 241
71 244
71 252
26 254
60 277
3 287
36 290
47 295
25
4 0
34 34
93 44
43 46
21 64
67 78
59 81
99 89
68 101
52 105
35 110
33 131
94 132
50 139
5 148
84 170
7 195
61 212
57 232
7 248
16 276
48 282
83 287
82 291
64 299
27
75 0
37 11
17 12
57 19
7 22
94 27
100 74
35 85
92 89
99 93
64 105
95 107
27 113
6 148
14 156
73 162
97 172
32 176
61 182
21 186
75 187
100 226
57 231
20 262
85 265
81 291
28 299
20
68 31
35 65
96 71
17 115
91 117
87 121
96 122
90 127
75 128
43 133
57 144
27 154
51 200
5 214
41 235
13 236
75 248
66 249
38 252
1 260
28
31 0
96 2
63 4
25 41
98 42
47 43
29 70
58 85
14 89
37 119
78 131
89 143
4 149
75 159
31 166
43 181
3 207
63 209
2 217
54 229
24 236
77 258
70 265
28 268
2 270
86 275
66 277
9 278
25
63 5
63 6
28 8
35 24
47 26
2 27
5 28
7 37
57 72
27 87
32 89
29 100
18 102
30 121
13 123
92 131
19 170
30 172
73 173
67 179
12 217
74 229
6 241
60 286
98 297
32
90 8
78 15
89 45
29 56
17 67
44 88
53 91
95 99
16 108
59 128
38 132
27 142
67 143
81 172
69 176
22 178
9 185
97 187
13 188
76 194
59 196
78 213
67 214
70 215
11 219
73 226
92 228
42 229
11 249
72 258
58 264
80 268
24
43 3
50 30
91 55
68 57
55 65
7 75
99 76
12 87
80 91
57 92
6 94
22 106
36 112
63 116
91 126
88 149
49 157
83 165
43 172
64 185
51 227
32 242
88 256
9 261
34
11 2
12 12
17 30
63 38
54 55
60 62
7 87
2 101
71 104
48 118
79 129
47 130
71 136
49 141
51 147
34 148
10 151
90 163
88 179
64 203
54 205
71 213
5 216
43 222
46 240
31 263
13 269
58 270
67 276
2 277
83 278
76 283
32 291
67 299
22
89 17
32 20
61 31
1 42
8 51
67 59
42 63
79 70
9 71
33 82
58 120
1 126
19 173
40 176
87 190
99 193
6 206
48 209
68 220
30 226
26 273
75 296
27
75 0
58 38
76 43
67 46
81 54
19 62
32 64
55 96
25 98
70 124
54 128
48 139
23 146
35 147
19 151
44 154
43 179
92 187
38 192
76 198
79 216
86 230
61 233
33 247
46 276
38 278
64 281
32
40 1
99 2
62 6
10 11
8 27
78 30
32 40
52 54
8 61
75 73
19 74
93 91
67 94
80 99
64 103
65 109
12 116
9 137
72 143
21 155
1 160
56 163
47 181
25 192
4 202
71 222
32 223
68 259
15 277
20 281
4 282
96 296
36
94 13
27 14
47 15
14 19
92 20
50 22
80 29
13 37
36 42
52 66
67 73
30 83
28 86
2 95
90 97
78 109
38 124
81 126
17 135
41 161
91 164
30 166
44 170
85 172
8 173
69 182
39 189
31 190
36 191
43 202
55 218
38 226
4 253
39 283
95 293
63 298
27
38 5
74 10
61 30
15 33
69 75
89 86
97 88
19 107
33 132
67 150
45 171
53 176
80 195
13 201
7 210
50 222
23 241
62 243
72 253
19 256
77 264
51 272
37 274
29 282
97 284
95 290
91 293
39
58 4
65 6
28 7
46 8
7 22
94 27
33 35
38 36
40 37
44 42
30 55
13 58
51 105
72 115
57 140
56 141
89 146
88 147
81 150
62 153
12 158
28 173
7 191
57 192
12 200
9 214
100 219
23 222
99 227
96 247
2 252
66 253
32 256
16 260
45 261
53 262
60 271
59 292
7 293
20
31 2
96 18
89 60
53 63
51 64
3 131
12 133
34 136
43 137
72 139
42 147
5 171
34 183
91 201
25 205
78 226
60 245
2 251
87 281
55 299
26
17 26
55 34
63 94
42 97
31 101
98 121
82 124
16 130
31 143
57 147
96 154
100 170
11 171
100 180
63 187
3 192
37 199
72 205
53 211
76 213
20 220
72 239
8 241
64 254
73 276
51 287
28
67 3
9 21
23 26
6 55
18 60
89 84
72 92
8 96
80 102
11 131
21 133
21 136
18 138
65 141
60 170
12 179
83 192
88 195
28 199
95 209
96 230
38 236
97 242
19 245
50 264
81 283
21 287
75 294
32
81 40
51 41
64 49
60 74
76 89
54 92
78 94
27 100
31 101
60 114
67 127
77 130
25 140
86 142
47 145
75 146
89 152
65 172
16 173
94 178
2 199
44 204
81 212
17 216
39 220
15 222
47 235
72 239
44 241
31 253
86 273
82 282
26
27 18
6 38
77 44
68 60
65 65
69 75
47 78
59 95
49 100
8 105
66 133
9 142
20 161
42 166
100 180
92 219
97 221
22 230
91 235
43 254
72 257
100 262
1 277
60 282
37 291
37 294
29
7 6
60 8
30 19
26 21
11 24
33 27
50 59
53 71
41 74
21 97
58 108
78 115
13 131
96 132
40 138
39 150
85 162
19 192
59 193
42 199
49 216
40 219
47 241
39 243
17 258
94 259
20 281
75 293
69 295
20
59 13
29 19
78 28
20 54
55 92
17 102
73 122
95 127
81 128
79 152
74 159
12 165
80 183
28 187
20 192
32 217
71 218
35 220
78 248
88 298
33
74 5
90 11
58 12
99 20
15 24
21 36
55 37
69 39
18 53
49 64
21 70
48 78
4 90
1 91
75 98
54 108
51 110
1 116
50 161
84 165
14 168
81 169
59 178
72 194
48 206
85 213
20 217
81 220
5 221
71 230
9 239
25 257
9 276
25
57 2
42 14
76 20
59 25
7 48
52 56
75 66
53 81
7 87
89 99
32 100
6 136
48 169
37 170
34 175
81 180
69 195
78 215
65 224
3 228
54 235
20 253
89 268
22 278
78 294
25
28 13
2 51
67 72
63 74
94 85
9 96
65 100
1 113
59 116
82 118
49 120
82 128
62 144
72 176
75 182
52 186
47 191
75 200
71 214
71 234
26 236
59 242
11 267
81 275
12 281
31
75 4
19 5
27 6
65 15
47 21
70 26
93 40
31 50
49 57
38 73
34 81
43 82
79 83
61 88
23 90
64 99
47 104
96 144
77 176
55 183
67 201
88 203
75 222
3 229
1 246
52 250
57 255
72 257
75 282
75 289
55 297
27
47 4
64 7
23 10
25 21
31 23
38 39
76 91
71 108
57 134
57 135
4 139
39 141
22 149
23 171
40 177
88 180
56 186
33 192
86 198
5 199
40 216
55 228
12 258
65 275
90 278
58 285
53 293
29
90 18
51 22
92 31
70 41
50 50
21 85
100 98
85 114
51 127
34 129
49 143
36 153
23 155
17 162
62 171
76 178
100 181
34 191
48 206
75 217
6 224
86 241
97 243
36 246
87 257
22 261
93 267
11 289
54 294
33
39 16
31 23
82 24
51 39
12 46
15 48
83 50
48 53
84 57
63 61
14 65
45 71
51 84
73 88
1 96
62 117
9 145
22 157
41 170
54 195
93 199
96 201
39 203
82 208
66 209
60 224
30 238
29 239
11 246
23 253
93 287
48 295
28 297
36
33 9
30 13
74 17
92 19
73 20
53 23
44 30
66 37
19 44
12 49
99 78
84 90
66 92
86 98
37 101
73 109
100 123
50 158
20 165
97 204
87 206
96 225
98 227
57 229
31 230
59 232
30 237
39 256
71 265
37 266
85 271
47 272
21 273
17 277
8 278
99 295
25
12 1
50 37
82 38
64 78
26 87
80 90
89 91
43 94
82 102
61 133
69 144
1 148
87 165
61 179
48 186
85 201
34 210
70 214
75 215
51 227
33 230
45 245
98 260
91 268
62 271
31
4 5
34 8
16 22
49 23
4 46
46 56
9 59
4 64
72 70
81 73
86 77
77 83
15 95
79 107
30 113
87 131
37 136
35 154
82 168
62 177
34 193
40 212
6 218
73 233
88 253
80 255
41 256
76 258
5 260
64 284
24 290
29
80 4
27 8
94 15
81 23
30 25
99 41
96 54
13 63
40 69
17 79
60 92
93 94
17 107
48 121
43 145
35 149
83 159
28 166
12 183
10 192
35 193
65 211
39 212
61 216
18 221
57 242
76 264
53 266
78 278
42
96 9
69 18
66 29
34 35
70 36
66 37
47 44
93 57
49 78
80 87
66 97
29 109
24 115
17 120
91 123
34 126
28 139
72 143
19 144
43 150
96 157
73 158
5 163
16 169
65 170
8 173
64 182
93 187
11 195
84 199
80 203
20 213
62 222
27 241
7 251
91 252
59 255
39 264
58 270
50 284
88 292
95 294
23
1 5
34 10
40 14
87 41
9 66
93 74
23 104
30 116
86 131
40 139
36 146
9 182
23 187
25 189
60 202
23 219
58 221
75 227
62 244
100 256
61 265
85 295
20 297
33
42 11
7 17
12 28
51 45
68 49
45 55
46 66
76 67
85 69
63 107
60 108
47 115
55 126
66 131
30 133
9 138
31 146
4 157
56 177
9 188
96 201
70 203
58 214
100 218
28 228
32 231
98 236
86 237
31 259
81 276
82 288
84 291
85 296
21
4 6
35 15
67 40
8 48
86 50
23 55
21 66
9 70
22 126
49 129
40 130
1 131
42 143
74 161
86 174
38 184
51 192
3 230
82 268
16 274
64 278
32
62 27
37 43
56 46
18 54
99 56
25 64
31 77
47 79
29 91
83 92
68 105
4 111
7 121
15 126
60 130
68 153
5 161
25 170
46 183
31 200
45 223
37 230
20 237
87 240
47 245
71 250
75 253
52 272
50 274
46 275
8 288
19 293
29
79 2
28 4
69 20
79 25
40 43
43 47
99 127
96 140
95 141
69 146
22 154
24 156
78 173
52 175
5 178
40 188
79 191
35 196
17 204
9 210
13 218
57 222
37 233
8 234
57 246
71 247
89 269
67 285
49 297
41
24 1
28 8
61 13
25 16
94 19
51 43
90 58
94 64
7 65
93 68
31 84
82 86
44 93
23 108
63 109
40 111
27 115
3 121
75 127
64 129
99 131
21 135
30 150
52 167
36 170
72 189
58 193
73 201
36 211
64 220
72 221
58 224
76 227
39 241
78 256
10 259
44 263
21 267
55 268
27 289
19 297
33
43 2
66 3
54 12
65 13
88 36
91 56
41 59
82 78
82 81
8 102
41 104
82 125
1 133
23 134
2 135
49 142
17 166
12 171
57 177
27 183
97 188
17 190
7 191
82 193
56 199
66 204
60 224
7 227
69 229
91 239
89 259
27 279
38 295
32
65 8
75 18
65 49
93 54
18 69
39 85
15 94
1 99
23 112
31 115
1 116
70 125
96 131
79 136
9 142
43 157
74 159
48 163
11 171
19 175
27 178
88 179
20 219
63 222
28 229
77 235
52 249
55 257
62 263
36 268
22 294
15 299
25
78 1
77 13
82 33
69 46
60 66
7 72
50 77
46 83
51 85
46 92
100 95
8 101
39 110
86 112
99 114
83 132
24 136
91 137
95 139
11 176
59 182
3 208
45 236
64 243
58 267
22
78 5
5 17
77 21
81 29
60 55
96 59
59 89
5 108
30 115
13 145
72 147
27 160
72 161
89 164
28 217
32 226
63 234
85 236
46 268
88 273
27 291
89 299
26
63 7
11 9
50 23
55 32
8 45
17 49
36 59
17 69
13 76
14 88
10 99
23 100
72 121
82 125
25 133
41 138
80 144
41 152
72 211
85 233
44 241
21 244
30 270
71 277
79 283
16 288
29
25 13
81 18
47 27
46 41
25 50
5 51
15 68
51 78
17 99
26 106
67 112
89 121
82 125
81 147
26 162
80 163
100 181
90 186
5 192
50 196
68 240
1 241
91 244
90 273
95 277
74 282
30 286
35 290
17 291
25
84 6
35 10
56 11
11 27
42 30
1 34
66 36
27 58
27 63
72 74
49 105
85 129
59 132
17 153
68 182
80 188
34 206
56 225
25 232
96 241
85 244
98 251
67 267
11 274
43 298
23
66 3
42 5
52 9
39 47
46 51
87 57
24 65
91 69
3 95
72 101
84 139
91 140
96 148
26 155
93 156
53 162
3 196
92 218
93 238
70 259
86 283
32 284
13 293
24
49 7
9 24
41 28
10 38
17 57
66 72
83 88
38 111
5 122
19 128
46 163
46 182
11 201
4 215
12 225
7 228
29 238
28 242
9 243
96 255
61 261
97 262
14 267
34 279
27
16 19
82 31
74 34
61 36
52 42
72 66
21 80
1 112
97 114
3 132
81 138
40 147
89 165
30 168
6 179
19 190
61 194
84 208
82 216
86 231
46 233
97 239
65 240
5 269
79 280
51 290
38 294
28
2 6
88 14
84 24
70 33
33 36
38 39
5 50
92 59
53 64
61 78
72 109
35 110
9 118
9 119
69 131
96 141
31 142
2 161
80 185
44 206
64 211
61 214
96 223
86 237
76 246
34 268
8 290
19 292
40
80 1
100 2
30 18
60 20
47 27
71 37
84 40
15 42
94 44
75 88
52 98
78 103
14 110
79 128
92 129
4 131
26 141
13 152
79 163
39 168
20 174
54 178
7 180
74 184
48 189
94 192
64 194
39 198
100 218
27 221
84 229
15 231
50 243
46 249
34 251
66 256
65 266
66 267
12 283
62 285
41
25 4
15 8
68 10
83 15
99 16
65 18
12 21
26 26
87 28
57 39
51 55
8 56
12 64
88 78
9 79
19 91
87 92
71 107
5 112
79 137
63 144
98 149
28 190
59 192
79 202
65 209
52 212
91 217
50 222
36 224
98 232
8 235
63 244
7 250
41 254
63 261
2 266
85 267
2 273
5 279
80 283
35
33 26
15 35
76 37
75 62
77 73
23 76
8 104
26 110
72 127
66 138
67 143
78 152
62 153
1 155
69 158
86 160
65 166
45 167
89 173
12 193
98 200
26 204
53 222
31 224
97 237
52 241
37 242
62 243
66 248
91 268
58 270
34 271
56 275
34 294
4 296
36
98 5
62 19
68 21
72 29
3 30
22 39
32 40
41 46
8 68
56 77
92 82
45 90
66 98
10 107
82 113
67 116
74 129
3 160
92 162
47 163
89 164
28 183
65 189
20 191
45 196
39 210
49 220
74 224
6 227
82 236
27 238
2 244
66 247
44 257
15 273
99 289
29
89 10
97 27
69 32
36 40
79 53
86 60
25 68
49 69
22 78
30 80
92 85
36 104
83 118
74 123
15 127
60 141
86 156
38 164
30 174
95 178
25 186
48 197
51 205
25 216
83 247
2 251
86 273
27 291
83 294
19
42 12
71 13
16 27
35 38
79 54
72 56
76 65
58 75
44 99
73 115
5 117
59 120
60 215
50 224
6 231
84 246
88 261
12 280
79 288
32
10 5
25 8
94 22
69 27
83 50
100 57
95 60
77 75
83 82
16 84
15 90
94 102
11 132
7 144
29 147
8 155
95 166
72 196
40 207
29 225
7 227
45 233
62 249
7 253
11 261
80 264
62 276
25 278
19 284
52 286
84 290
99 297
18
64 11
66 48
63 62
1 71
9 115
76 136
60 139
61 140
3 148
62 154
1 156
12 158
8 168
16 181
85 187
19 204
71 279
50 281
24
4 0
48 12
69 38
35 52
86 56
14 74
46 76
63 115
33 124
77 135
15 141
88 145
78 146
4 151
7 181
67 187
22 198
26 218
93 222
50 236
3 244
3 269
14 279
80 289
34
7 13
28 17
70 22
67 34
52 40
9 48
71 56
12 60
51 67
4 73
47 104
98 115
36 117
95 128
9 130
53 141
49 142
64 151
63 153
39 165
16 170
12 186
16 187
21 202
57 203
83 207
7 211
50 221
92 245
98 246
48 263
55 274
46 279
67 293
23
97 18
32 22
49 27
92 32
45 63
78 69
51 77
22 90
73 103
14 111
81 112
54 115
27 119
64 147
2 187
88 210
81 223
73 230
39 238
20 243
89 267
79 270
19 285
29
54 7
41 19
16 23
72 33
39 49
88 63
49 82
22 90
14 99
30 105
56 121
46 131
19 132
34 143
9 158
32 163
5 165
10 176
62 178
88 195
20 214
56 218
46 231
82 235
57 270
21 284
48 288
75 295
29 299
31
10 27
44 35
41 38
23 45
92 57
75 73
75 82
57 100
27 118
90 120
19 126
63 129
20 135
26 161
43 164
58 168
89 179
56 184
6 189
29 212
66 216
47 220
38 224
31 235
18 249
88 263
41 267
96 286
78 288
35 290
45 292
34
15 23
14 30
76 40
46 52
70 58
49 61
52 66
26 83
10 86
36 87
30 94
9 111
45 114
45 116
85 159
94 160
51 187
88 199
90 203
55 205
84 206
63 210
72 227
88 237
71 249
81 255
54 259
12 261
2 274
6 286
85 292
95 293
24 297
56 299
36
41 18
62 53
68 55
36 56
77 75
18 79
47 92
33 106
81 114
62 119
47 128
55 129
54 142
89 150
18 157
14 160
70 165
50 170
19 178
90 180
13 186
76 191
28 196
72 197
29 206
67 222
68 226
29 239
29 241
74 251
25 252
29 253
93 271
28 277
70 283
98 290
24
91 4
14 29
100 34
36 46
85 48
81 51
1 53
35 55
15 64
77 98
83 109
55 112
59 115
15 122
56 124
75 126
12 137
28 140
28 150
27 159
72 168
42 254
72 290
1 296
32
63 2
4 24
56 32
27 37
76 40
91 41
70 63
2 67
49 76
46 77
82 87
76 105
35 107
58 115
98 116
24 122
1 139
97 144
3 145
58 146
7 150
28 157
74 169
68 174
24 181
77 183
93 225
18 229
85 232
27 258
15 261
4 275
32
18 30
73 46
75 66
80 69
55 74
7 79
23 91
97 106
74 110
76 112
36 130
23 136
15 146
57 147
3 151
11 153
73 157
28 163
37 169
7 170
40 208
55 211
33 212
23 226
47 228
30 236
8 247
77 248
78 252
71 256
85 263
13 298
36
10 8
12 10
65 19
71 21
44 23
8 35
63 45
93 51
22 53
70 80
22 82
34 86
36 87
43 102
49 103
58 109
66 129
65 138
11 140
86 144
54 159
85 160
7 161
16 173
25 203
20 207
48 211
54 212
27 217
39 225
61 237
59 238
30 242
20 263
18 279
6 297
38
83 0
3 3
87 5
51 6
46 9
37 13
12 17
76 18
30 20
93 47
59 57
14 58
52 69
84 78
60 92
27 96
33 105
40 106
85 109
33 135
89 151
89 169
5 175
65 182
11 186
85 203
72 229
66 241
51 242
15 245
30 246
54 253
94 266
20 267
57 268
53 273
23 283
94 290
41
5 2
63 3
15 18
74 20
15 23
9 26
28 31
30 34
36 60
92 63
100 65
61 73
29 76
41 105
20 108
24 109
77 122
22 129
19 136
69 139
76 143
31 144
25 154
89 158
57 159
73 164
15 177
48 178
63 194
35 199
30 202
36 213
46 239
9 249
75 255
78 263
90 276
82 287
85 292
21 294
82 295
25
33 5
3 21
73 25
40 28
9 36
69 66
25 84
28 100
36 115
51 130
79 131
98 133
89 135
27 168
71 175
41 181
100 186
66 193
64 204
5 206
87 208
88 233
42 256
71 284
21 294
34
71 8
13 16
56 17
64 26
69 27
4 43
60 44
51 47
84 73
14 85
15 87
85 90
65 100
69 102
72 109
67 114
4 125
4 126
93 136
93 148
52 173
56 188
12 217
70 220
3 222
28 231
26 233
79 243
13 249
76 251
93 281
64 286
100 289
60 294
300
30
13 1
26 16
63 26
100 33
21 36
77 41
73 45
27 58
76 71
49 77
28 83
43 95
13 120
21 131
58 157
75 168
86 171
53 173
56 182
76 192
30 198
16 227
41 230
12 241
87 249
2 250
5 264
43 269
30 281
39 296
