300
300
4
17 107
52 163
19 173
64 261
1
83 240
2
79 170
12 251
3
65 113
99 130
82 197
2
49 149
74 266
1
11 74
3
90 80
60 124
28 295
4
2 90
67 195
58 235
42 292
5
69 97
55 157
51 169
38 196
46 286
5
18 30
79 37
50 93
61 164
54 291
5
81 33
14 51
83 89
96 110
19 299
4
15 31
33 39
100 66
89 125
2
71 89
68 108
5
73 3
89 170
96 192
18 225
97 267
3
84 237
53 238
45 285
3
61 9
60 14
90 212
2
96 258
37 263
3
59 123
70 129
93 230
4
2 86
28 145
49 170
65 288
6
96 14
74 28
91 50
5 110
94 168
63 288
1
40 95
5
72 113
37 121
30 125
20 209
8 299
5
50 3
81 86
13 91
71 256
6 298
5
13 37
63 54
1 92
40 164
76 220
3
16 25
56 117
23 252
5
83 28
37 197
23 200
60 221
75 271
3
16 40
5 52
19 284
1
74 42
4
91 144
80 270
58 286
85 296
4
45 75
89 231
14 254
79 259
0
0
6
67 102
56 151
46 196
61 250
65 270
20 280
3
88 22
27 63
9 193
3
41 163
35 254
89 257
4
79 32
27 33
6 185
61 279
5
52 5
21 91
83 112
76 144
97 177
3
86 116
18 251
79 287
1
20 280
5
51 135
55 207
56 221
42 240
85 272
1
78 157
5
55 55
8 78
48 99
61 249
72 265
3
4 15
14 130
46 148
0
3
72 155
15 230
24 232
6
55 169
36 188
37 246
44 253
8 254
38 297
2
46 69
66 153
2
41 35
11 39
3
49 133
29 144
3 214
5
64 5
58 95
48 137
11 276
12 279
1
83 293
1
94 96
1
93 12
2
97 54
34 149
0
4
51 76
80 113
63 142
83 259
3
39 75
90 263
89 269
4
12 87
15 193
81 222
74 271
4
90 80
82 165
89 214
46 283
3
36 151
37 202
39 220
4
50 63
21 203
64 230
73 278
2
100 71
42 265
3
98 29
55 157
39 270
3
64 87
42 136
69 283
5
18 70
82 120
78 133
37 157
59 179
2
80 143
28 192
6
16 5
1 66
62 98
6 154
40 196
55 241
5
33 188
28 228
85 237
68 282
33 295
4
71 26
5 28
81 91
56 111
2
35 251
27 272
3
14 146
90 209
78 285
1
69 137
0
7
47 47
45 56
79 118
84 130
45 163
6 230
55 286
5
93 18
20 108
48 179
88 197
59 251
5
77 96
67 122
15 206
72 224
93 235
3
74 147
14 187
33 279
0
3
75 10
44 96
86 97
3
34 46
68 141
91 198
4
69 138
88 223
6 271
91 291
2
50 217
57 260
3
18 44
30 218
90 279
2
3 255
73 286
3
18 124
24 294
73 295
0
0
1
38 40
4
16 64
64 101
48 280
64 294
0
4
85 189
9 212
88 213
6 299
1
27 142
4
85 2
64 188
47 190
87 283
7
16 13
45 23
42 58
23 169
32 232
4 248
18 250
6
87 120
81 126
64 171
40 193
67 247
69 270
2
65 73
28 281
8
92 15
86 25
8 53
69 84
1 144
50 162
97 227
29 245
0
1
24 237
2
49 85
6 292
1
98 218
3
4 13
7 161
87 233
3
91 12
78 25
64 166
1
5 161
3
42 31
66 194
35 244
4
89 82
92 96
58 183
12 299
2
71 33
46 46
3
40 5
46 162
21 203
5
39 0
35 12
78 28
41 35
84 171
3
92 17
46 184
57 252
4
65 29
73 82
45 127
79 214
3
65 51
5 263
89 269
4
44 49
34 153
62 183
74 282
3
17 105
28 121
68 194
3
71 27
57 54
68 81
4
97 12
36 27
79 140
63 142
4
80 33
56 49
18 273
16 286
4
26 18
29 68
91 137
61 272
1
52 144
3
62 150
89 214
51 285
3
43 72
39 90
67 255
5
70 6
53 176
28 188
42 213
59 249
2
97 227
75 244
3
53 49
85 50
16 117
4
36 68
28 139
78 167
61 220
2
30 12
77 83
1
53 294
3
61 52
54 73
75 236
1
3 126
0
4
50 10
65 35
48 60
88 277
2
78 58
47 232
2
93 16
17 26
3
41 118
54 180
80 256
4
2 99
8 100
82 145
54 296
4
18 113
90 114
75 189
92 260
4
65 90
12 145
43 223
63 278
4
8 50
6 84
72 169
97 215
3
4 48
76 132
74 207
5
1 71
74 129
66 133
11 228
43 241
2
10 130
61 197
5
92 1
76 43
40 141
18 189
16 263
2
28 123
21 268
2
8 125
78 233
4
13 38
59 164
50 218
57 271
4
56 141
47 155
18 193
15 291
2
71 146
78 216
4
7 55
73 81
37 142
24 258
3
43 230
100 251
74 263
2
30 57
73 185
3
57 41
98 57
29 135
2
7 131
42 291
2
4 160
14 280
3
10 54
41 57
74 227
3
88 42
57 131
90 183
5
57 92
33 175
16 236
38 254
92 261
4
98 52
22 117
74 193
7 244
4
55 12
67 99
33 187
87 213
0
2
75 12
63 98
2
78 34
67 52
2
36 68
30 253
3
43 8
62 159
19 284
5
6 21
52 94
51 107
95 207
17 219
3
57 158
46 171
52 299
4
5 45
33 49
41 74
39 214
4
40 30
28 49
92 139
84 242
4
6 66
4 165
53 167
96 267
4
93 9
20 196
66 204
67 261
2
82 125
5 223
2
76 29
93 274
2
85 27
61 150
4
7 108
34 134
62 140
15 141
4
32 16
62 59
15 179
65 244
1
83 10
2
58 20
45 193
5
10 122
42 181
88 217
49 225
61 232
2
35 39
35 232
5
39 95
73 130
91 227
28 230
69 283
3
77 63
27 75
54 144
7
31 9
65 48
77 57
61 103
36 178
20 179
75 287
4
76 8
71 52
27 61
29 253
3
35 142
61 260
5 287
1
45 58
2
35 130
78 146
3
91 75
85 84
69 248
1
63 84
4
49 24
78 65
65 293
81 299
4
85 96
23 135
96 195
37 198
1
12 17
2
63 50
40 134
0
6
81 40
58 167
61 226
9 236
57 265
70 282
7
66 20
96 47
71 115
84 122
2 145
51 179
86 190
2
92 62
99 215
2
68 276
93 285
3
86 4
32 137
58 165
3
58 144
34 173
97 219
1
97 87
3
5 157
98 174
46 197
5
72 61
20 119
11 134
82 145
36 219
2
46 42
32 263
2
88 7
91 264
1
60 135
1
51 3
2
37 121
21 231
4
43 8
31 164
22 203
45 235
6
6 14
3 33
78 61
5 145
68 187
78 270
5
94 32
96 142
12 155
20 208
21 227
1
75 101
1
2 90
5
28 92
83 109
97 118
48 219
34 290
4
92 40
18 127
47 151
34 272
1
32 130
4
72 79
5 198
89 241
89 284
2
88 98
48 188
3
64 238
18 276
36 288
3
44 67
68 265
45 290
3
79 76
92 127
29 165
1
3 227
6
54 33
74 45
64 52
28 62
56 139
39 202
5
31 29
93 59
35 93
46 198
89 213
1
52 251
1
84 247
2
1 62
20 234
6
72 2
34 119
92 124
94 213
64 238
42 279
0
0
2
75 9
14 75
1
76 280
0
3
66 76
22 84
15 93
0
3
59 44
89 116
77 232
7
46 43
31 83
46 88
71 89
23 105
93 123
19 147
2
19 89
49 129
5
15 15
75 21
1 116
6 207
24 221
2
4 20
66 96
4
6 68
28 94
90 182
34 275
3
42 64
31 105
65 141
2
86 115
42 280
1
44 206
4
64 9
59 49
31 146
76 154
3
3 171
67 264
13 283
4
63 121
42 178
1 208
77 238
5
8 78
75 114
23 137
13 152
57 187
6
54 35
87 172
62 188
57 267
77 296
22 297
0
4
22 72
52 74
79 97
31 248
2
17 87
90 284
3
9 77
34 106
74 135
4
25 24
6 115
54 116
62 130
1
4 174
2
4 191
14 221
3
67 3
73 14
24 165
4
79 10
94 212
26 219
71 268
5
43 89
23 170
43 206
91 260
60 285
4
67 22
60 72
11 75
94 91
3
60 126
84 215
22 255
4
84 16
83 115
40 124
21 270
1
63 292
1
15 190
5
3 4
63 166
50 184
26 243
76 294
2
1 0
21 208
3
82 103
35 215
23 221
3
95 242
10 271
37 272
6
78 72
5 83
22 150
20 159
12 183
25 281
1
29 267
1
23 51
3
98 67
99 93
51 183
3
8 72
18 73
47 236
5
97 105
17 110
60 258
1 269
14 294
5
39 38
40 112
62 153
44 157
8 286
0
5
32 181
64 184
13 241
87 245
62 271
2
47 103
73 194
0
4
53 100
85 137
55 146
50 228
4
9 2
3 13
85 29
27 138
4
56 45
96 102
41 163
5 267
0
1
29 119
6
100 94
81 128
87 233
62 257
87 287
68 298
5
10 88
84 89
41 90
30 117
49 290
3
6 131
95 194
15 204
3
55 26
52 133
72 134
6
44 21
17 29
31 80
26 81
33 99
40 197
6
10 2
46 23
51 167
92 226
3 243
99 258
0
2
50 106
23 199
0
4
39 22
73 60
65 166
22 233
5
97 63
85 86
95 187
62 199
55 265
3
65 73
2 150
32 245
2
35 62
72 101
7
94 64
45 87
43 161
3 179
36 204
31 277
52 287
3
41 152
8 280
24 293
2
20 8
98 110
3
34 19
27 96
77 160
2
57 172
92 267
300
3
94 45
4 241
12 279
