300
300
17
1 7
3 10
52 11
44 18
11 31
62 57
91 64
76 65
88 71
98 72
42 87
52 111
86 128
72 257
43 258
47 266
23 270
9
88 66
38 146
60 188
84 189
100 211
42 252
80 254
33 262
23 299
19
13 27
50 29
33 39
70 65
76 70
46 76
87 133
91 151
42 157
59 169
97 182
83 193
31 194
97 207
87 210
89 215
38 218
95 230
56 270
19
26 24
90 38
80 48
6 50
22 89
47 99
50 100
64 104
1 106
16 126
43 130
47 153
7 173
17 198
3 212
22 217
92 245
51 249
65 267
20
60 11
95 29
94 34
62 73
54 80
9 86
43 100
34 128
85 154
21 160
31 173
38 186
88 230
61 255
70 258
59 263
92 264
4 268
12 272
84 280
19
16 19
27 31
95 49
93 64
3 67
74 86
44 88
84 96
99 106
42 122
1 136
100 153
49 208
24 237
29 242
81 253
64 261
6 265
52 294
16
12 21
86 50
82 65
96 83
93 116
98 121
40 130
54 135
55 158
82 159
13 237
9 256
56 282
40 285
18 288
14 297
19
73 32
29 36
14 71
1 80
7 91
22 92
8 125
27 143
40 177
38 191
91 212
42 213
66 223
87 225
97 229
4 234
25 237
21 244
84 261
20
23 3
22 8
42 17
83 48
85 63
16 68
63 79
25 87
36 121
56 130
56 149
17 173
27 184
42 192
32 198
42 261
52 269
55 275
74 280
90 290
17
42 39
24 62
32 82
98 87
13 90
85 126
36 132
15 133
30 149
77 151
78 182
89 193
65 216
68 241
42 243
17 263
50 288
22
2 5
91 14
26 36
32 63
17 66
87 75
74 82
41 90
87 113
61 127
26 186
48 226
33 228
88 236
97 244
73 255
83 275
100 280
96 281
46 291
81 292
54 295
16
94 3
51 6
26 13
41 44
33 47
31 83
50 113
55 130
40 140
74 196
88 209
34 211
39 248
20 249
82 283
69 295
18
57 35
69 38
18 77
100 78
23 86
31 97
38 102
34 131
34 151
49 185
91 206
24 213
80 237
80 257
16 258
95 285
31 296
24 297
20
5 12
62 13
4 21
23 44
14 46
12 53
9 59
80 74
34 79
61 145
52 155
20 169
46 190
94 211
51 238
95 239
23 248
89 273
77 286
54 295
18
79 9
1 14
84 17
96 24
82 37
1 63
41 76
37 78
88 83
40 101
20 102
60 113
39 133
38 152
41 219
17 223
25 284
97 299
16
22 19
57 26
93 30
43 49
77 76
64 86
55 158
74 167
6 171
58 177
29 204
79 207
33 216
31 219
100 255
94 280
15
41 27
30 41
29 58
9 73
70 100
91 102
56 110
96 162
90 178
43 191
1 225
70 228
3 270
86 277
98 279
21
18 6
98 11
88 17
94 27
34 39
38 45
73 68
11 83
6 123
4 125
88 128
97 134
29 162
93 188
92 189
94 201
92 265
75 270
37 285
69 288
63 298
14
5 3
40 4
90 8
6 35
48 52
8 123
88 152
59 160
76 179
56 186
24 213
76 216
65 257
57 293
19
20 35
39 64
26 66
5 102
5 109
49 149
33 160
28 172
38 202
32 227
70 233
20 250
16 252
31 254
26 273
23 275
11 276
80 290
12 297
12
48 24
83 35
41 44
35 47
21 72
29 137
49 146
95 176
53 190
39 212
60 256
72 259
17
80 18
18 21
70 40
30 68
78 69
88 72
14 78
90 91
11 120
52 123
56 167
25 201
40 202
100 219
16 250
48 257
16 281
18
83 13
10 25
35 26
32 36
45 41
62 54
16 84
12 89
44 115
33 148
16 151
37 208
38 223
67 234
82 238
85 274
92 298
79 299
15
35 30
1 72
59 82
15 105
61 107
8 108
24 122
80 160
66 187
36 215
20 216
89 220
15 260
77 285
80 299
11
42 25
30 38
70 71
40 109
20 126
20 130
33 133
7 139
80 181
40 183
37 263
23
88 10
66 64
33 99
82 101
41 104
26 105
5 122
42 141
6 166
59 172
54 177
72 180
22 204
54 208
34 213
52 220
47 225
37 226
56 237
71 248
84 252
75 270
33 272
22
38 15
38 35
89 40
96 47
80 67
7 68
5 114
65 116
14 131
76 132
33 139
42 152
35 155
65 165
87 177
21 211
54 214
6 229
96 247
35 260
38 261
82 299
17
42 0
33 5
96 33
60 39
67 50
14 57
79 89
62 148
36 155
75 179
72 191
87 195
19 201
8 226
3 231
36 245
20 256
18
87 3
14 12
76 23
26 36
11 40
55 50
13 82
77 83
32 99
82 150
4 178
36 191
72 195
74 204
72 222
29 232
10 235
64 265
19
89 18
58 36
12 37
16 70
88 82
1 83
6 118
90 145
1 169
33 182
73 217
61 220
93 234
76 269
57 271
58 276
10 278
99 286
66 296
21
64 0
44 11
77 24
79 89
13 106
30 108
45 109
75 131
81 155
81 160
99 163
32 170
58 174
79 190
69 198
97 220
85 226
65 233
76 242
55 262
97 297
23
39 13
13 20
76 34
19 47
53 60
85 65
12 71
45 89
23 109
14 122
39 135
4 140
6 164
14 166
54 167
21 169
50 189
30 223
19 231
63 269
77 275
95 292
74 294
20
50 3
88 25
8 75
22 80
81 88
55 90
43 102
25 112
94 122
92 148
94 187
32 199
33 235
32 244
31 245
42 254
66 264
100 269
7 271
31 282
28
96 14
27 21
98 23
16 29
86 40
83 47
100 52
52 59
44 63
100 68
53 69
75 90
36 106
4 107
23 117
13 125
70 131
92 132
18 142
6 149
81 159
97 175
92 192
72 205
8 209
86 232
49 234
64 270
18
65 24
51 27
26 55
32 56
71 62
41 91
87 99
13 118
87 129
13 166
72 171
93 177
32 184
12 193
74 198
19 218
49 224
70 274
9
76 27
59 121
18 128
67 148
1 180
58 181
47 205
28 213
8 279
20
55 1
51 30
98 46
80 67
23 79
96 98
54 104
77 117
53 121
37 135
5 183
61 218
13 236
66 244
46 252
60 262
72 264
38 269
88 273
15 279
23
21 11
38 28
40 29
89 31
64 32
24 34
4 43
42 56
95 92
78 106
46 112
64 132
28 134
47 145
73 150
60 170
92 189
20 190
7 202
99 244
79 249
66 269
30 277
16
20 3
52 26
32 73
26 79
22 80
91 85
34 95
69 103
8 113
69 135
97 154
2 182
36 194
9 210
30 218
55 255
13
84 7
19 16
17 81
13 105
40 127
78 155
77 163
84 188
88 242
59 262
22 265
61 270
3 276
19
96 30
72 55
21 56
19 59
61 69
55 77
15 91
72 103
25 104
89 129
21 153
39 171
27 175
68 198
26 212
3 221
81 223
95 239
61 272
20
60 1
68 20
13 44
97 52
92 56
76 78
8 96
36 140
61 145
49 154
56 169
58 191
98 196
30 198
85 200
1 211
39 236
6 255
2 265
61 279
21
85 20
13 35
76 47
10 55
47 71
37 85
11 90
61 94
86 113
27 121
42 131
77 153
85 168
77 194
27 213
75 230
5 237
18 268
22 276
14 285
5 286
22
70 17
77 43
86 52
7 65
28 72
24 74
4 90
49 94
52 110
33 117
46 123
46 126
86 127
30 156
67 164
25 166
41 179
13 194
47 200
2 214
53 225
81 241
17
72 11
33 46
36 62
23 70
32 72
68 85
93 94
80 123
26 134
53 139
35 142
61 143
90 158
72 178
96 199
91 264
64 284
22
78 16
55 24
77 30
14 42
27 50
43 63
56 68
76 73
46 81
95 93
86 119
73 150
2 167
94 184
15 186
91 187
68 207
9 227
45 231
46 256
60 274
28 298
21
13 4
98 21
43 49
9 84
17 113
62 115
89 116
18 133
33 142
26 148
79 170
82 176
94 178
92 181
24 193
22 199
7 219
47 235
21 266
13 280
51 281
18
89 3
48 19
34 40
62 41
71 69
12 91
6 98
75 136
39 142
29 169
29 183
74 202
37 214
92 224
87 272
19 276
7 291
45 294
16
48 41
32 45
3 60
9 75
32 107
48 109
2 111
44 141
35 188
39 189
79 204
58 256
24 261
79 277
39 281
22 295
20
50 7
26 30
9 42
36 77
87 98
68 119
97 141
1 159
66 174
50 175
67 176
50 181
41 183
44 245
11 246
68 260
34 261
90 276
41 282
25 283
24
77 4
18 11
25 16
65 26
26 32
71 45
76 73
97 91
15 121
32 131
69 138
16 145
53 146
40 149
34 161
51 170
97 189
98 216
85 222
6 232
22 241
57 255
31 272
19 276
15
83 12
98 42
98 45
15 53
50 75
62 95
22 116
28 118
67 130
86 132
33 173
16 174
63 194
12 214
91 248
20
59 13
49 33
75 44
88 58
16 72
69 85
32 129
69 150
49 160
46 183
55 188
20 196
59 207
64 209
80 211
2 213
44 226
39 277
94 296
79 297
15
91 11
92 29
72 55
6 66
23 143
5 150
21 163
7 165
99 179
38 184
54 187
9 194
87 245
17 256
5 269
14
56 24
87 70
42 168
27 169
53 170
100 192
55 224
52 237
78 243
90 248
24 264
90 270
94 291
92 299
17
89 10
97 20
45 46
10 51
51 66
43 91
1 111
72 126
10 148
57 156
53 197
88 252
99 255
46 270
77 277
49 286
96 289
12
60 7
95 9
8 57
59 67
40 88
53 100
74 111
53 113
13 121
62 185
62 283
9 289
16
60 2
53 9
5 46
2 54
8 57
83 102
27 104
27 130
32 131
52 146
6 149
64 191
72 196
6 204
11 270
55 290
23
23 1
92 12
64 32
31 47
54 52
65 53
88 61
32 73
69 89
85 97
74 100
17 114
77 119
84 160
54 167
37 170
61 172
48 194
52 219
75 226
67 232
94 253
38 282
15
83 37
92 52
47 75
46 144
28 152
31 155
31 172
79 190
72 205
8 227
16 228
74 235
33 243
65 267
29 277
13
82 2
13 60
5 62
85 81
53 104
19 134
15 135
100 157
96 212
53 240
56 267
15 280
42 295
21
87 1
11 23
35 48
32 54
95 61
47 71
79 85
84 86
67 88
99 94
8 112
68 123
99 138
65 147
90 163
45 167
3 190
20 199
52 239
22 289
40 298
18
70 1
70 6
66 21
51 31
14 36
6 60
48 73
28 113
94 144
70 177
3 180
46 201
87 205
89 223
75 252
67 253
40 282
49 283
11
28 18
19 47
3 63
100 71
52 150
23 153
21 171
28 180
50 197
85 241
55 272
19
4 4
79 6
68 9
72 20
65 30
83 39
61 79
5 91
35 119
25 128
90 131
71 148
21 151
98 198
65 222
85 227
62 234
15 255
59 262
13
99 5
92 52
17 66
61 71
42 88
38 151
92 169
1 199
64 226
67 263
25 274
71 278
5 291
17
73 20
5 27
6 59
28 63
68 80
27 85
20 132
21 155
16 234
99 242
95 251
83 261
75 266
75 270
95 279
65 281
12 291
25
64 6
2 9
7 35
51 38
21 39
46 44
92 49
62 57
75 67
44 76
82 97
74 111
70 115
27 136
18 146
68 147
84 176
74 180
67 181
21 183
80 200
81 206
77 255
56 273
18 280
14
94 0
76 8
51 10
41 16
43 48
36 100
57 125
52 175
64 199
34 212
29 228
93 245
62 255
54 270
22
3 4
42 15
13 54
58 62
47 94
16 96
21 117
55 129
46 139
16 143
32 150
1 158
43 168
58 182
96 210
4 213
45 214
70 241
38 259
54 268
18 269
49 275
14
91 12
30 21
74 47
95 59
29 90
65 91
16 130
52 133
86 182
72 193
46 194
97 218
22 290
56 297
19
98 5
21 9
73 56
35 68
75 88
81 96
38 99
61 103
19 119
1 174
87 192
11 203
61 204
54 227
25 229
49 253
41 274
73 295
65 299
17
25 9
63 20
89 30
93 39
15 40
32 80
70 90
62 116
64 185
53 186
38 205
51 223
94 235
72 245
21 272
31 280
10 295
14
74 39
83 61
61 73
59 74
42 87
12 93
68 123
33 144
23 164
8 172
31 178
69 213
57 250
17 280
15
83 30
80 39
12 46
67 63
99 73
6 76
49 99
27 106
33 117
89 160
16 167
6 202
80 221
48 229
40 273
14
76 11
40 96
36 104
21 138
43 174
57 176
97 178
13 182
60 216
27 241
61 251
51 255
49 264
87 274
20
30 8
53 11
1 17
48 29
57 97
45 123
90 135
69 136
26 140
59 143
18 162
64 174
72 195
70 209
93 230
96 235
78 242
38 252
47 264
28 298
19
4 6
77 30
42 38
68 48
38 71
91 76
33 82
37 95
34 114
76 150
26 155
75 157
88 161
54 217
36 236
46 269
74 279
5 282
91 292
25
38 0
79 12
65 21
99 32
67 46
6 47
13 50
20 93
51 133
79 155
68 160
93 167
28 168
73 177
1 199
5 201
73 212
98 214
56 224
5 225
83 226
19 239
88 247
88 288
94 297
11
44 26
75 82
94 88
75 132
24 176
73 186
19 206
68 226
69 254
9 260
29 275
14
5 3
28 5
62 26
38 37
10 67
6 94
94 115
76 159
28 201
24 212
3 239
19 247
46 258
62 295
14
28 16
7 29
35 94
73 139
93 180
6 191
73 199
96 217
47 221
66 222
77 250
27 253
79 292
34 297
19
30 9
40 30
23 33
1 73
21 81
3 84
28 86
40 96
94 137
76 138
6 146
73 149
11 156
47 159
40 179
7 184
82 207
5 235
36 250
19
18 52
15 54
90 56
18 59
27 69
97 86
4 88
99 101
40 105
95 106
31 116
62 128
31 137
60 159
87 167
5 174
38 184
12 212
74 284
20
89 9
66 37
70 49
76 56
53 62
41 64
75 98
18 165
19 171
9 193
23 206
23 208
78 227
45 235
30 262
33 275
32 280
45 288
69 290
86 299
20
70 6
77 23
9 28
17 70
29 74
80 77
55 82
71 113
77 124
73 149
33 170
91 182
67 188
69 189
92 197
33 205
30 211
50 221
12 250
25 255
19
73 2
44 27
3 58
31 70
58 81
80 90
69 106
88 145
40 153
12 187
62 197
16 215
24 223
52 227
35 247
8 253
17 259
88 271
16 283
28
91 24
69 29
51 31
77 56
8 65
29 66
22 69
48 72
14 79
42 83
19 89
67 97
87 100
11 133
18 135
87 150
16 157
78 189
8 190
81 210
46 222
29 223
30 237
78 241
20 250
99 254
95 279
73 294
22
8 0
21 10
54 11
80 44
31 47
59 53
91 58
12 71
45 75
65 88
92 112
79 157
86 158
95 175
71 180
65 182
29 190
31 201
49 211
100 213
73 220
90 279
15
68 65
99 85
22 99
27 107
23 108
17 130
9 161
98 188
91 192
87 200
35 201
11 225
4 229
60 230
35 250
21
87 14
21 25
93 39
24 43
77 55
2 95
63 99
76 120
78 148
89 152
17 153
57 214
99 220
30 229
91 238
11 261
66 262
14 263
81 265
5 276
54 293
16
33 0
90 33
97 35
79 51
46 55
72 80
44 86
17 98
27 99
88 132
80 152
98 179
59 258
73 268
48 275
98 278
25
69 10
51 14
75 21
50 40
60 49
62 50
71 71
39 79
42 84
18 93
93 96
20 122
75 131
27 151
25 157
53 207
96 210
73 222
24 231
46 233
18 237
77 262
8 282
38 286
60 290
16
16 5
88 13
83 20
75 54
97 64
83 74
49 105
23 128
51 146
31 153
76 155
4 159
56 166
24 210
72 214
5 246
21
7 47
60 73
68 80
57 102
56 112
26 123
30 138
91 140
50 158
18 178
45 192
81 194
12 211
83 216
78 220
37 236
70 253
48 260
11 263
34 271
22 285
12
41 54
2 75
16 110
17 128
62 150
97 152
68 190
19 207
1 212
79 223
53 267
91 299
14
67 17
88 45
57 63
67 86
68 122
70 129
83 131
77 145
6 149
64 167
30 170
92 262
16 289
40 297
20
57 1
28 14
72 39
65 44
87 67
2 69
42 81
2 82
94 84
30 106
86 121
1 144
90 147
17 168
25 186
47 204
66 219
18 223
3 277
61 285
21
36 9
45 45
64 49
94 51
39 60
24 70
71 114
5 119
28 134
75 160
25 171
31 184
60 190
49 211
83 213
71 218
94 241
15 245
41 263
55 281
77 292
18
42 11
77 18
76 40
73 45
15 51
77 54
31 60
52 77
15 91
15 98
4 105
39 149
27 260
75 269
60 270
69 272
49 280
34 285
24
50 3
91 27
26 48
64 57
64 81
24 106
48 108
27 119
78 125
64 130
39 152
83 156
94 161
92 174
1 178
19 180
54 237
65 241
67 256
34 265
53 275
29 291
55 296
53 298
19
59 0
40 2
82 17
52 46
97 56
7 81
78 90
90 105
5 111
31 115
21 123
49 129
66 159
15 215
83 218
51 238
4 247
34 250
35 297
21
86 6
24 18
67 53
55 58
46 65
79 71
57 112
21 124
57 140
43 159
76 161
66 167
34 168
81 187
86 199
69 202
23 239
58 266
35 286
45 296
51 299
24
54 2
71 50
12 51
14 71
57 82
45 87
80 89
8 93
49 96
12 107
89 109
34 124
48 130
57 131
55 149
74 155
81 156
58 221
40 224
38 270
15 278
1 280
80 290
32 297
16
61 17
90 20
59 44
61 48
73 53
46 60
31 84
82 87
62 125
34 127
15 133
8 174
76 187
22 246
21 271
67 282
18
19 8
37 10
82 33
14 82
10 86
10 104
2 108
24 148
30 161
22 198
50 245
7 253
95 258
41 263
5 282
19 288
5 289
4 295
15
22 0
21 12
51 58
24 60
41 89
29 108
58 177
31 185
46 191
41 200
91 202
75 239
37 266
53 294
72 296
23
92 35
60 38
65 79
100 98
20 110
80 112
81 133
6 165
13 211
8 220
88 232
66 235
13 242
47 257
27 260
33 266
100 269
2 271
11 274
73 284
100 285
67 291
77 294
17
7 4
25 19
82 27
86 45
72 55
70 58
67 62
95 93
59 176
8 187
91 189
32 202
90 216
80 241
46 267
97 272
25 294
18
49 1
72 18
93 40
40 56
18 57
80 82
22 94
27 97
50 107
10 143
74 149
82 159
56 168
25 171
77 197
78 249
100 273
38 284
19
44 14
74 15
80 51
22 60
61 77
52 92
83 107
93 108
34 119
95 136
36 137
26 167
27 169
21 186
22 223
98 241
63 258
64 269
9 299
16
25 27
75 47
60 49
28 62
71 76
63 89
50 121
74 132
27 145
1 165
13 177
44 188
49 201
33 278
3 284
1 296
22
15 16
77 28
25 32
9 34
54 43
100 50
47 57
97 86
98 92
48 97
32 108
57 117
67 124
21 134
76 143
71 155
47 169
49 180
81 211
49 221
86 256
13 262
23
32 22
53 41
62 56
92 70
57 71
41 76
78 107
67 110
23 114
57 116
61 162
74 165
80 179
20 182
55 196
95 214
8 222
94 226
76 261
39 279
33 281
84 291
4 297
11
84 10
41 32
92 33
89 54
20 118
80 133
2 184
100 227
2 233
63 235
72 289
19
95 6
77 13
81 20
81 22
32 52
32 96
45 124
56 161
66 162
19 175
82 196
33 203
59 219
24 227
37 229
56 248
76 249
68 280
90 281
23
24 36
50 49
30 63
82 72
17 86
72 106
55 121
54 124
58 136
43 151
82 158
49 163
17 175
48 179
42 190
91 216
37 224
86 226
36 230
86 261
54 270
25 285
6 292
19
87 1
28 29
74 35
23 44
53 55
67 66
92 70
50 88
37 105
83 114
67 134
64 138
39 165
15 193
51 224
8 227
16 248
25 262
68 288
18
66 15
72 20
93 53
80 71
45 77
88 81
88 102
29 123
46 126
95 143
41 146
65 185
30 187
49 251
86 253
20 255
91 260
41 266
19
38 6
60 21
70 28
17 33
76 35
99 42
62 55
43 60
67 80
9 87
48 109
57 120
47 132
65 164
11 178
81 212
30 213
69 233
86 240
19
80 32
25 33
88 43
96 44
80 49
87 60
36 70
82 85
79 110
83 135
69 154
71 180
81 186
38 200
92 203
80 257
42 258
46 261
86 273
20
96 21
52 22
26 62
56 66
35 77
72 111
7 123
30 137
35 189
28 194
61 195
65 227
19 229
90 251
21 252
7 258
98 259
36 269
19 270
61 274
15
9 6
41 19
96 56
10 81
48 86
25 88
16 108
65 132
32 140
93 144
57 172
97 179
41 210
12 223
61 224
19
33 11
46 24
3 31
41 41
29 73
79 77
29 85
66 94
10 100
82 107
2 109
29 112
56 133
46 151
63 169
19 190
40 195
3 212
88 227
11
99 5
39 33
34 47
40 86
40 111
24 131
23 150
81 216
58 263
18 287
79 295
15
1 0
47 35
84 39
84 103
33 145
99 166
87 176
30 179
56 199
94 204
67 223
53 226
23 240
49 244
37 246
16
27 4
77 27
36 29
43 31
29 34
74 57
4 68
34 114
11 122
57 132
83 137
73 164
42 204
24 207
60 237
89 296
13
74 15
99 16
49 38
88 71
46 99
16 105
82 111
36 126
66 128
76 131
97 207
82 227
95 234
22
54 1
68 2
35 46
41 50
60 70
17 76
85 85
100 107
6 113
91 118
75 127
65 130
99 163
99 189
93 198
35 201
12 222
24 235
1 242
98 267
2 286
52 291
13
57 57
99 79
99 103
2 113
87 143
45 160
74 224
89 237
100 262
62 274
40 278
90 287
72 292
16
23 1
1 11
90 16
85 22
32 47
96 73
4 89
9 91
57 101
76 116
58 118
86 126
78 205
40 226
71 227
31 299
10
64 9
48 26
37 34
87 44
33 50
100 102
54 117
18 183
35 213
93 287
20
29 1
62 6
100 16
95 18
22 63
87 82
32 99
70 107
36 124
100 135
69 172
16 180
91 182
46 184
61 203
48 212
46 219
61 235
35 252
92 275
17
59 3
20 15
29 33
91 85
12 110
31 152
37 164
3 167
80 194
39 195
12 196
88 207
74 224
2 225
6 260
92 261
66 288
15
24 7
50 27
37 40
34 41
50 73
51 120
78 125
29 143
38 186
77 187
8 204
8 211
24 230
5 244
99 274
19
85 0
24 47
92 77
34 106
58 111
18 121
33 139
1 145
79 156
99 159
8 161
35 177
58 195
5 201
48 208
71 229
83 265
6 278
39 299
18
62 37
98 39
37 56
13 69
77 75
87 109
38 118
65 129
56 142
100 144
2 146
38 151
11 221
87 238
35 250
14 281
78 284
40 285
23
25 8
6 12
91 26
100 33
68 62
29 75
78 83
71 85
46 114
73 127
11 138
84 139
5 148
93 149
83 157
64 159
25 176
25 180
59 183
98 234
97 247
26 253
19 257
17
34 42
3 53
82 56
16 85
90 94
39 108
67 145
95 158
11 172
53 188
95 193
35 196
38 222
30 232
86 260
6 266
3 273
15
82 6
71 44
22 53
80 67
82 129
31 143
71 144
73 165
93 168
76 182
16 207
22 216
22 218
19 229
14 234
13
75 13
77 26
31 52
60 55
58 114
31 121
71 132
69 160
25 170
31 231
41 249
41 272
59 275
18
13 2
19 32
76 52
54 75
91 81
32 90
16 124
33 127
48 140
88 153
67 157
62 182
95 225
23 226
38 247
14 285
95 298
59 299
16
21 8
85 15
71 25
97 30
43 51
71 72
35 77
10 121
21 137
48 172
91 212
2 235
36 237
59 241
26 257
36 266
17
67 4
4 8
1 12
3 13
89 31
39 69
39 75
90 77
56 79
31 127
7 157
11 183
77 190
46 202
32 210
73 226
77 277
20
97 0
60 7
42 19
77 35
41 42
59 57
41 79
67 92
33 137
69 139
92 168
56 173
6 192
30 193
85 198
56 208
66 219
33 234
96 263
75 294
18
59 18
34 51
42 55
37 73
47 80
72 90
70 150
40 165
61 167
30 177
48 186
99 205
28 211
93 215
20 218
29 219
24 224
99 263
23
11 4
67 6
53 20
6 41
2 56
15 66
76 71
13 72
11 82
80 87
97 97
70 111
41 117
49 167
78 188
86 200
99 234
36 251
36 262
70 273
12 276
42 282
52 291
24
74 6
59 17
61 31
95 43
97 70
58 76
14 77
60 104
19 106
55 111
7 113
95 116
58 120
86 149
23 158
24 167
5 174
55 182
47 209
48 218
94 241
56 250
96 277
64 290
22
96 4
42 11
33 29
89 38
2 59
5 67
76 86
36 108
46 116
96 142
81 148
60 149
59 151
48 154
25 156
97 185
98 188
1 194
5 231
29 239
12 244
63 252
21
50 19
48 34
72 51
48 53
16 63
69 78
54 79
6 99
40 102
92 126
15 136
79 182
26 186
66 204
47 220
38 224
33 231
7 240
56 250
86 278
67 283
21
89 7
62 8
1 10
82 33
72 42
41 75
83 81
55 85
46 86
77 112
27 118
14 123
68 135
92 139
18 155
53 166
54 189
21 209
26 212
36 255
55 293
21
15 5
86 6
75 19
46 29
68 63
47 75
43 83
61 88
70 99
98 110
98 115
57 150
99 161
27 162
25 182
69 186
45 187
21 205
98 217
35 229
90 257
14
21 23
39 72
61 110
56 116
2 122
50 131
8 163
98 201
59 223
85 238
54 251
34 278
95 286
25 293
19
89 44
54 49
40 56
98 95
11 99
79 102
74 141
87 172
84 185
13 194
99 195
38 201
93 218
31 226
10 228
31 236
22 238
36 264
87 276
13
82 4
99 60
71 97
88 107
43 119
63 149
6 164
51 166
28 223
59 251
49 267
28 268
21 281
20
50 16
46 29
17 35
18 46
41 49
18 64
98 67
57 70
26 92
19 112
94 146
9 199
55 214
78 236
39 241
44 250
41 253
37 255
7 257
84 281
20
34 16
97 19
80 40
24 43
46 46
14 57
19 98
69 115
82 119
57 146
40 154
92 180
79 190
35 195
60 225
40 231
60 241
34 252
64 270
73 275
20
64 9
38 10
30 26
33 28
66 39
2 41
68 65
89 69
21 87
69 91
100 117
78 119
54 150
57 157
98 175
32 181
46 202
26 204
24 246
16 267
10
10 62
41 83
65 109
99 139
66 154
68 160
4 167
19 268
8 277
7 298
24
29 0
13 21
30 24
21 30
22 62
25 67
36 72
65 79
75 90
34 94
79 108
30 130
80 137
91 138
90 161
95 180
37 185
13 198
48 211
42 220
7 241
24 247
47 259
53 260
18
31 9
87 20
98 25
49 37
82 52
21 58
77 60
77 92
77 109
79 161
45 163
3 172
95 207
35 216
89 279
75 283
54 289
41 297
10
84 68
47 72
95 74
60 110
2 146
87 167
8 262
85 267
76 273
58 275
16
26 12
96 15
12 29
22 33
87 46
34 89
13 114
89 135
21 159
69 202
22 223
12 225
96 247
82 259
93 268
67 295
19
37 5
17 9
63 49
3 52
87 56
84 63
42 77
41 99
19 122
81 137
19 142
95 163
50 178
72 183
66 198
78 261
44 262
22 268
44 289
21
51 8
88 12
85 23
39 35
24 39
45 42
23 47
64 63
78 80
85 98
60 109
4 154
36 157
3 163
62 178
92 242
41 246
48 247
14 253
58 260
38 269
12
93 46
82 53
24 105
57 118
65 142
100 153
66 185
21 215
73 233
69 244
22 248
71 289
13
16 5
96 17
29 32
71 78
59 89
42 160
42 172
5 175
87 183
66 196
11 216
43 262
12 278
17
91 3
52 12
73 33
16 37
80 67
57 72
2 84
68 135
85 137
17 154
15 207
36 224
88 248
93 254
46 282
67 288
90 294
14
17 6
68 98
54 107
63 124
78 145
43 149
59 155
22 162
61 202
89 207
90 213
15 241
63 259
2 292
17
5 7
37 8
98 15
31 26
75 38
47 40
81 83
88 112
44 124
54 161
60 176
71 178
5 190
82 196
46 220
94 244
92 257
17
2 31
73 40
94 53
78 64
89 91
17 103
34 114
44 117
59 123
65 143
36 184
12 194
52 199
82 229
38 253
99 283
21 291
19
57 12
81 44
37 46
94 53
97 57
64 74
74 102
22 116
90 118
58 119
73 126
86 143
2 185
88 221
79 224
57 244
58 273
71 287
81 297
14
85 3
89 4
45 37
61 51
8 52
55 67
27 98
52 125
61 141
63 177
85 205
71 223
67 225
90 282
15
8 32
3 37
44 70
21 86
75 104
93 110
44 147
26 173
65 175
68 176
3 193
99 218
61 265
90 292
27 299
20
12 33
13 68
95 84
85 93
75 100
17 106
79 135
53 136
21 144
29 160
84 172
28 183
74 202
1 211
60 227
41 233
34 238
80 277
6 292
26 298
16
52 15
25 23
88 54
24 60
90 65
36 78
54 107
85 131
28 132
42 154
19 163
24 186
96 188
69 217
2 263
35 283
12
76 11
62 20
86 41
57 95
91 101
84 106
75 110
66 132
88 176
63 268
75 289
45 292
18
13 38
52 49
38 55
69 78
27 82
81 104
82 135
38 139
91 187
62 199
33 202
8 206
38 210
78 239
40 240
28 257
41 289
52 296
12
95 0
54 32
26 35
46 51
91 69
81 84
94 103
60 120
66 157
35 180
77 205
31 245
16
3 11
23 31
79 38
4 81
45 92
85 104
50 115
81 176
71 223
35 230
66 246
65 247
86 248
75 259
54 261
12 271
19
7 11
7 30
21 66
92 83
47 95
20 100
80 114
91 123
28 150
83 164
100 173
63 187
28 194
49 200
46 205
96 223
22 241
46 244
56 281
21
57 33
99 34
67 37
52 38
49 43
83 62
75 105
98 111
32 118
68 125
43 144
30 157
97 160
75 168
72 183
75 191
82 204
38 231
85 235
48 252
67 254
20
71 27
88 46
9 47
17 63
43 90
40 93
90 94
3 114
48 142
20 147
14 157
90 171
26 177
75 195
97 208
86 226
34 256
61 262
26 267
60 274
15
67 8
2 59
71 74
99 76
38 85
34 90
41 105
78 107
97 132
63 176
44 185
13 207
30 224
58 256
25 296
17
73 43
89 69
57 85
38 94
67 121
18 163
39 167
83 181
38 183
66 186
40 203
7 207
83 210
27 246
94 263
8 269
98 285
21
59 5
35 7
27 9
27 31
16 35
5 56
100 71
45 78
85 88
49 97
22 110
43 144
67 162
95 176
20 188
85 225
67 227
16 251
8 274
96 283
82 295
21
66 12
58 29
66 36
64 39
79 44
94 60
50 77
17 107
88 121
83 178
9 183
19 197
16 208
57 228
3 234
5 235
33 243
76 245
33 250
77 293
14 295
22
55 4
97 15
34 18
11 21
88 22
9 42
72 75
74 95
16 118
28 121
5 131
27 145
12 171
93 173
90 215
83 243
77 271
6 276
67 285
49 293
35 298
93 299
20
14 9
25 11
80 12
95 52
48 55
12 57
55 59
98 79
79 98
49 122
80 134
2 148
5 190
19 205
99 228
4 236
42 244
10 252
82 278
80 292
22
81 9
70 10
47 13
77 60
2 61
79 62
12 67
75 69
53 73
96 79
58 101
35 109
50 142
92 147
55 169
56 182
19 195
37 211
100 213
95 226
80 236
62 261
12
1 21
98 28
19 92
73 149
95 162
60 171
17 196
94 218
93 222
8 253
25 263
58 279
16
68 10
70 23
98 30
2 67
97 72
28 86
64 103
81 105
32 119
56 127
36 150
50 186
45 248
73 275
91 284
39 291
23
7 4
59 7
47 17
32 26
36 30
15 80
86 92
4 93
19 108
32 126
2 143
15 146
14 153
7 155
78 217
88 220
26 246
54 267
87 272
42 279
45 289
99 292
79 297
23
37 12
93 21
49 47
37 48
47 70
64 102
42 105
98 112
44 124
19 132
49 141
58 162
30 172
69 183
59 193
46 211
81 215
86 226
92 229
55 233
47 240
1 269
10 294
10
50 5
45 9
66 28
56 74
78 84
86 112
96 204
31 211
93 225
40 254
22
80 10
44 16
78 29
69 31
54 48
52 62
57 72
28 76
74 78
76 86
68 96
3 114
2 132
63 176
70 180
64 213
14 242
3 243
31 245
93 259
90 266
5 296
23
100 12
36 13
7 16
90 55
34 60
11 67
12 75
50 81
18 87
22 113
31 135
73 144
37 161
65 163
22 164
29 201
43 221
97 225
98 238
42 258
61 268
21 293
1 294
17
40 3
41 14
56 38
95 41
97 65
36 67
86 166
19 187
61 192
85 195
78 200
58 238
73 240
8 258
83 291
25 295
77 296
19
47 3
40 19
65 26
81 39
81 74
100 85
86 107
13 113
37 131
66 140
60 176
91 182
92 204
69 208
11 225
56 241
81 275
89 286
19 289
19
4 28
67 45
92 46
100 50
28 64
54 101
74 129
43 133
82 145
38 154
31 156
22 205
4 209
62 210
45 241
92 256
19 262
91 273
63 279
23
88 1
10 13
90 27
65 34
74 50
48 57
79 73
15 76
83 90
61 94
57 142
63 152
67 163
41 165
41 184
45 189
55 191
59 195
26 215
23 236
1 262
4 290
9 293
20
77 13
56 25
50 65
77 69
98 85
59 89
42 91
72 125
26 128
41 160
88 172
16 182
74 187
19 209
20 210
83 211
99 226
93 272
37 276
28 283
18
84 2
74 14
73 38
47 50
21 53
96 67
38 68
83 78
7 100
96 125
37 131
86 137
42 174
14 196
1 205
10 236
46 272
26 279
26
32 36
49 38
27 42
91 48
49 58
2 70
85 78
12 86
96 87
28 97
96 108
66 110
75 116
82 120
22 124
27 137
93 144
47 160
80 166
90 175
66 188
50 209
86 222
88 272
45 280
58 288
13
95 5
65 60
71 63
95 66
42 75
18 106
34 155
86 173
40 210
2 216
30 240
21 263
15 265
23
52 14
70 21
60 35
100 38
46 59
72 66
63 74
52 79
25 88
52 89
7 92
48 96
89 128
85 135
94 149
68 156
54 163
4 175
62 198
67 230
40 262
70 264
91 299
15
49 17
5 29
8 50
74 105
12 107
27 125
55 139
55 148
94 186
17 231
23 261
6 268
59 271
83 292
85 293
11
75 6
60 50
83 115
74 125
53 152
83 156
52 185
1 190
75 195
20 218
63 269
16
86 1
60 17
9 26
39 69
65 75
13 95
72 116
57 117
38 136
40 156
54 182
63 185
89 191
29 197
26 209
33 225
26
99 5
35 25
72 40
13 75
76 78
74 80
54 83
31 100
88 105
53 123
98 130
75 134
83 157
45 164
7 171
49 185
12 187
91 220
81 226
47 230
33 241
59 242
67 247
72 278
96 284
44 289
22
15 2
66 37
18 56
45 61
84 71
77 73
79 82
75 84
82 86
80 100
60 103
68 129
83 135
18 148
36 173
72 190
65 191
3 211
19 232
20 239
10 249
62 286
17
24 8
43 10
81 26
51 64
46 75
46 111
67 145
97 165
45 188
38 226
64 238
19 241
48 259
73 262
61 264
86 271
58 286
21
59 7
40 9
34 14
73 28
30 35
34 36
14 67
56 70
9 78
57 81
95 84
18 113
29 132
82 148
23 174
81 180
27 195
96 221
16 225
94 265
88 285
19
90 21
18 31
73 42
37 43
95 50
62 57
8 71
29 74
4 118
65 136
65 178
69 179
58 185
5 192
8 223
94 240
88 252
78 287
17 297
19
20 5
33 68
26 73
23 97
71 98
83 129
53 158
66 159
9 193
75 216
24 232
65 236
30 260
91 267
88 280
98 286
18 287
96 288
83 296
16
55 13
37 29
31 33
65 67
44 75
34 151
73 170
66 172
59 179
72 181
77 184
20 218
46 250
21 270
35 276
55 291
23
84 14
1 27
26 60
61 65
7 85
45 123
17 127
92 129
20 144
86 151
19 163
66 170
42 177
96 178
65 183
96 184
66 187
9 204
75 207
27 231
28 249
56 257
39 290
17
91 19
3 39
30 78
79 84
9 107
93 118
69 145
97 162
5 163
88 166
79 172
72 184
80 203
81 219
83 229
69 241
44 250
19
45 5
91 47
75 49
35 53
100 62
89 64
51 67
24 70
95 85
43 114
66 134
48 144
15 184
53 216
33 219
50 235
32 239
77 244
5 259
21
33 1
13 7
23 14
15 21
55 28
4 30
91 52
3 64
35 68
22 71
2 74
39 84
21 111
44 143
100 154
36 163
42 204
33 206
81 224
71 229
18 247
21
54 12
89 41
54 43
28 49
12 77
47 111
27 134
68 157
32 172
32 180
80 193
14 195
61 210
53 212
74 217
84 231
33 233
11 255
53 279
73 287
36 297
11
45 15
65 47
96 93
72 108
51 132
45 160
85 175
95 177
22 189
96 199
65 219
18
25 34
21 58
2 92
59 95
5 109
53 122
21 146
11 148
14 152
40 202
42 205
91 219
23 225
70 256
15 259
91 264
47 290
70 298
27
91 9
5 17
41 43
45 52
70 71
21 73
38 87
43 88
20 101
99 131
48 152
95 159
59 169
99 171
21 174
34 175
34 189
85 194
88 198
68 227
81 230
52 248
36 265
95 283
31 285
12 294
3 296
13
6 17
77 27
91 42
76 45
26 74
64 92
95 131
19 141
38 149
96 191
49 233
71 260
95 278
19
75 10
95 49
72 68
85 78
5 100
48 109
40 127
100 141
82 143
16 183
51 185
53 216
29 227
22 239
83 258
70 265
85 280
40 294
97 298
11
98 39
46 44
10 46
44 47
99 63
56 123
96 137
43 195
7 206
22 264
37 294
14
3 4
85 33
78 66
95 75
86 90
90 102
28 107
98 130
28 176
91 181
74 218
57 226
21 237
1 245
17
22 0
40 15
63 29
58 57
75 60
78 62
72 77
79 89
42 92
40 100
80 137
57 143
57 159
2 186
57 195
96 228
31 280
28
91 2
65 18
28 37
7 44
99 49
50 67
73 83
4 96
43 97
82 99
90 113
51 125
34 128
79 130
73 135
80 144
10 149
27 153
82 179
21 203
45 205
1 212
79 220
28 225
40 251
57 263
8 275
44 295
17
69 14
100 52
70 65
89 109
87 171
1 176
32 180
45 204
61 217
4 223
89 237
51 260
68 265
61 267
8 279
24 280
94 283
20
1 4
7 17
10 29
58 33
54 94
47 97
35 101
56 140
3 143
85 144
90 164
7 181
46 208
77 211
18 221
6 240
91 257
71 273
17 279
7 291
26
28 1
95 3
53 22
14 44
70 45
60 54
15 78
16 108
89 118
96 121
45 124
6 167
90 178
52 187
72 189
36 198
56 203
81 209
68 210
73 224
70 248
26 269
3 278
52 284
52 289
26 299
23
45 28
98 31
62 33
16 52
74 83
75 101
14 120
45 128
1 171
53 178
64 184
26 202
43 216
5 222
26 238
5 244
7 259
26 262
67 265
64 270
80 272
28 276
34 281
16
90 4
15 26
41 33
91 54
74 66
57 161
19 167
99 172
12 180
87 182
25 187
98 188
71 233
87 263
100 287
63 297
20
7 27
67 31
35 43
17 44
50 76
13 92
62 94
33 124
10 137
53 147
61 151
84 192
19 213
96 220
35 231
92 272
21 278
78 283
9 291
79 297
15
51 14
46 25
55 58
82 63
28 105
7 106
33 160
6 169
54 177
84 242
91 257
48 267
22 281
69 283
29 289
22
29 4
38 8
88 20
96 85
50 98
40 114
17 126
37 127
24 137
30 149
77 162
90 198
89 199
73 203
50 221
75 228
13 256
33 257
24 282
8 283
73 289
89 299
15
71 18
69 22
35 35
26 84
68 113
93 149
92 173
2 181
95 194
12 200
85 227
55 235
89 262
16 281
6 287
20
46 34
95 41
24 49
44 61
59 66
41 75
73 80
52 87
37 98
88 107
77 148
28 165
59 200
23 213
97 228
36 234
74 276
85 291
82 295
85 299
20
6 40
19 43
80 44
90 50
66 52
84 62
22 78
82 80
36 91
18 95
60 97
37 114
83 138
27 161
53 174
96 180
31 189
9 203
16 239
62 291
22
10 16
57 32
73 67
34 74
94 83
96 88
92 89
34 93
34 110
13 112
71 148
64 154
81 163
80 171
19 206
42 211
6 213
51 229
22 251
71 272
66 277
81 286
12
48 1
20 13
59 104
10 144
76 147
19 166
70 170
99 190
65 219
3 243
69 271
95 289
22
90 14
37 30
36 39
61 49
58 58
16 61
93 81
79 94
73 96
48 99
56 125
68 170
79 176
85 180
54 203
4 224
7 255
53 257
93 261
88 269
89 281
78 299
19
11 22
23 40
82 67
89 76
72 81
3 92
31 107
65 118
80 128
56 129
81 166
21 181
13 209
97 234
78 235
60 242
61 246
65 286
82 296
23
30 2
55 26
27 38
78 40
29 45
47 74
19 75
92 78
80 85
75 93
66 96
25 112
29 121
53 154
88 163
98 192
10 202
6 221
32 231
11 248
64 257
9 276
47 292
12
36 17
78 21
22 52
6 68
7 148
84 173
74 177
15 181
58 233
68 243
56 276
7 295
16
38 19
91 30
71 57
25 77
96 79
57 123
70 130
58 138
95 143
33 165
26 181
42 191
11 192
21 263
87 274
27 287
10
86 78
10 118
2 138
28 156
52 166
60 174
98 183
79 225
54 257
83 288
15
99 13
88 56
87 58
51 71
95 73
67 74
73 78
71 92
36 116
64 166
80 168
37 183
90 186
72 221
11 295
15
17 4
45 14
72 21
66 24
54 74
48 86
30 137
3 167
88 170
42 185
41 222
69 239
57 246
2 255
78 271
16
62 1
70 13
79 17
92 56
16 81
43 124
25 137
93 156
44 161
9 170
36 186
49 194
31 203
66 229
64 241
97 264
17
95 9
59 24
68 25
40 26
84 68
31 73
63 107
88 110
87 135
7 137
60 175
60 204
64 251
45 264
33 277
14 280
39 295
12
94 19
79 34
92 45
19 86
61 149
37 195
38 229
79 250
8 259
45 263
44 267
35 281
14
13 51
64 53
68 59
66 78
82 130
35 159
13 167
71 188
46 194
66 208
66 231
25 252
32 264
47 279
11
30 31
62 38
37 50
69 60
98 71
43 86
82 97
68 155
92 191
13 211
21 214
17
100 18
15 19
41 39
8 41
69 70
70 85
79 87
28 97
26 111
92 125
76 196
45 210
5 243
5 256
62 261
74 263
63 285
17
70 31
44 65
18 72
87 75
37 92
91 116
91 134
52 141
94 145
72 158
42 179
82 211
37 215
20 224
71 228
53 267
48 287
20
84 0
51 2
44 5
18 24
30 26
83 58
38 75
19 100
100 111
10 129
64 135
21 141
18 163
72 210
62 220
88 239
33 262
56 282
39 283
20 299
15
71 12
45 20
78 23
9 37
16 56
88 87
81 164
90 175
1 180
95 181
74 192
26 201
38 236
85 257
63 274
18
12 9
19 28
24 36
98 51
25 61
99 64
25 65
97 97
53 121
48 124
29 166
9 191
85 199
13 216
22 243
3 268
2 272
93 290
20
73 1
3 52
29 55
66 66
50 101
73 106
51 114
62 138
43 148
97 160
71 178
8 182
42 194
75 200
98 217
55 221
38 233
67 265
24 284
97 286
16
93 13
97 25
54 52
60 88
41 98
58 108
72 123
46 136
2 138
27 165
58 175
20 197
91 199
88 233
4 257
20 287
16
23 3
26 12
18 20
12 62
55 69
15 71
71 79
21 83
4 87
48 90
54 150
75 161
46 198
96 208
59 280
41 282
23
71 26
89 27
61 47
79 69
52 99
8 120
76 134
29 141
27 142
7 155
17 183
3 190
28 207
85 208
86 210
61 211
94 212
15 216
27 229
3 235
22 264
41 283
55 297
12
81 6
76 7
36 37
60 84
51 96
44 125
57 189
88 202
62 222
93 238
83 242
93 263
22
89 29
51 30
72 40
41 59
13 66
76 91
95 94
42 140
90 163
78 168
40 171
70 177
58 178
68 185
56 243
25 252
98 254
14 256
13 271
29 274
42 284
24 285
16
92 42
4 48
28 52
66 74
70 89
75 115
34 117
53 135
76 148
86 151
25 169
60 178
33 238
68 252
56 287
100 288
23
47 13
28 29
29 45
51 57
10 68
74 105
5 106
75 111
54 113
10 138
11 146
99 150
95 152
22 161
29 176
38 180
71 185
43 211
26 218
99 246
18 269
11 271
62 286
25
14 19
81 31
98 41
73 50
67 68
84 69
55 88
34 135
38 139
31 147
26 165
66 169
29 196
50 209
22 212
58 220
47 232
4 244
21 251
24 252
93 260
83 265
16 270
78 276
16 280
23
31 9
41 21
3 34
81 54
21 98
53 107
98 120
100 127
13 138
99 139
81 193
20 203
1 221
61 227
42 232
59 243
93 255
69 271
35 274
71 286
67 291
53 292
41 297
21
93 9
86 20
73 23
37 27
94 39
93 59
59 62
18 114
18 118
45 126
42 156
85 157
99 191
85 193
57 206
15 220
79 228
13 264
84 283
76 285
4 294
12
24 28
73 38
66 72
45 73
24 80
24 182
32 207
73 217
82 248
46 261
34 262
57 279
14
78 10
83 41
76 71
5 99
24 122
31 134
96 171
86 184
18 205
40 209
57 219
12 251
51 288
30 294
23
47 26
43 48
93 53
9 68
62 77
26 102
57 113
77 115
87 116
30 122
59 163
26 172
22 184
3 185
67 188
28 226
66 231
28 242
41 243
21 248
91 279
22 280
89 295
14
31 4
14 53
47 118
4 127
99 140
3 215
33 229
19 233
34 237
45 242
66 259
22 265
6 268
81 275
17
97 17
92 28
69 50
65 55
62 62
7 71
65 89
44 98
90 99
4 139
93 220
74 233
37 235
82 248
62 275
56 278
50 290
17
80 10
98 25
61 30
54 33
6 83
22 85
54 87
61 94
77 114
46 129
45 185
14 188
4 189
41 229
29 256
58 264
6 280
19
8 67
62 78
11 85
74 98
24 118
35 128
43 131
69 133
69 169
19 172
95 173
20 176
63 177
28 218
54 236
33 252
89 255
8 264
50 270
25
65 9
68 15
50 16
32 22
60 32
41 36
12 43
2 48
79 51
73 62
27 72
50 79
52 87
19 97
50 126
2 150
92 174
44 184
41 192
93 220
24 243
59 250
27 254
96 260
52 285
16
86 33
65 65
35 81
58 96
78 100
23 120
97 130
7 142
52 178
41 179
94 198
28 218
38 231
59 253
52 274
86 293
20
62 12
99 60
71 63
28 67
99 68
98 97
86 104
24 107
26 149
38 152
79 153
15 162
99 164
86 196
45 218
65 222
11 250
62 274
28 282
39 290
11
48 2
56 9
35 77
78 82
88 99
76 139
62 160
64 177
89 187
81 231
100 294
20
45 17
21 32
92 33
53 88
39 128
48 155
67 160
85 185
61 186
60 201
45 204
37 209
25 213
26 225
36 227
45 249
99 260
95 283
36 292
82 293
18
87 34
94 71
54 102
30 106
84 132
12 133
92 167
48 193
100 194
4 195
26 203
27 204
61 209
53 215
100 238
94 282
44 297
64 299
18
39 20
62 24
5 35
81 70
35 84
50 93
89 105
44 108
99 126
75 131
36 137
63 174
35 188
79 214
59 217
68 225
90 227
28 261
12
14 18
5 32
51 34
96 78
67 97
92 129
94 162
29 212
21 226
43 234
46 247
94 268
15
42 27
54 35
51 39
5 45
70 61
96 62
11 68
65 195
16 207
2 212
74 254
12 274
46 285
41 287
52 289
22
88 13
87 19
99 21
70 26
90 28
95 33
33 34
19 47
87 81
30 95
62 102
38 104
10 112
15 122
80 139
40 150
50 155
32 158
73 161
71 210
19 260
81 273
22
87 67
36 79
46 105
99 115
96 120
63 140
67 141
42 142
20 146
44 167
6 180
98 182
100 194
22 222
24 223
41 232
3 243
95 244
43 269
64 270
85 272
22 285
18
97 16
53 18
99 54
87 55
68 56
45 91
30 92
30 98
79 116
85 138
98 191
18 196
24 221
63 237
74 242
69 251
36 281
27 288
24
70 4
54 8
4 22
7 42
85 67
96 68
61 72
62 78
94 89
99 116
39 124
46 144
80 147
32 158
29 160
14 164
57 180
39 204
72 215
74 222
58 223
85 230
80 235
81 241
22
67 16
23 29
28 31
18 34
49 44
65 58
23 76
32 80
9 97
20 115
71 126
94 149
49 157
32 171
93 173
92 182
88 219
82 229
89 238
32 257
90 278
54 281
12
64 82
21 85
62 113
65 119
85 126
6 143
5 163
63 200
47 203
30 248
2 266
44 297
15
13 20
74 43
45 47
74 62
18 84
21 113
94 140
74 148
25 154
94 162
43 183
21 235
31 259
51 278
10 293
13
43 1
26 60
43 98
51 136
24 137
34 147
67 158
8 179
52 207
90 208
62 239
20 243
4 254
16
81 26
97 42
16 71
48 89
72 94
1 107
15 113
15 131
71 149
20 173
41 190
12 225
32 231
37 232
18 279
59 299
20
28 2
35 21
26 26
22 47
19 66
37 71
51 83
93 111
52 128
85 137
28 145
6 151
66 169
79 186
69 197
17 202
98 240
100 260
57 287
54 292
21
15 4
4 21
73 31
78 38
90 56
24 71
60 94
84 109
59 118
22 119
67 123
90 124
40 186
92 195
31 205
10 243
68 258
78 262
55 277
37 280
24 299
18
29 6
47 20
93 26
47 43
14 55
83 60
38 75
86 79
43 86
85 103
1 106
33 123
9 154
13 204
83 216
66 254
13 271
30 284
300
18
70 25
49 47
68 48
40 54
12 78
6 84
27 89
27 90
29 92
93 118
90 154
91 164
35 168
1 174
66 177
28 200
91 223
79 245
