300
300
4
48 90
64 149
84 171
8 215
2
61 55
64 193
5
78 7
16 20
91 77
46 191
68 283
11
7 13
6 17
36 18
76 61
13 88
60 145
25 205
91 212
26 239
56 265
7 266
9
73 6
87 37
30 82
62 118
35 124
68 153
53 232
90 233
59 250
7
42 6
37 31
5 38
75 71
40 170
35 177
3 226
7
8 78
65 91
86 146
86 157
28 164
62 176
13 229
3
83 54
6 189
56 280
5
22 0
20 139
57 159
16 256
1 261
7
14 19
25 44
27 106
60 126
80 129
36 138
64 189
5
78 184
57 225
13 249
3 260
65 281
6
1 4
80 34
54 111
51 164
96 225
98 252
7
77 32
20 64
81 80
97 115
21 175
13 225
72 288
7
45 19
78 51
46 53
27 146
42 169
64 217
18 230
6
79 26
49 32
41 177
23 179
55 207
32 224
6
11 4
4 5
45 9
10 49
73 141
43 182
5
56 60
38 144
15 165
19 203
100 259
7
82 49
53 54
20 127
14 202
7 205
25 251
39 286
6
76 150
49 175
57 181
3 214
75 254
60 260
8
59 120
91 154
58 164
38 191
11 255
55 286
10 289
11 290
9
64 46
59 89
37 99
48 102
93 117
76 136
48 163
64 176
15 256
8
14 40
76 58
71 78
49 114
47 165
30 185
68 199
91 288
11
49 18
4 34
92 82
57 99
49 104
99 109
79 131
5 169
47 170
84 171
40 178
5
81 34
19 88
83 116
23 183
56 229
9
64 20
20 39
36 49
50 74
57 80
96 172
2 186
21 209
34 248
5
98 7
5 52
65 86
20 100
90 192
5
32 43
8 75
12 92
18 200
76 296
7
29 6
92 28
68 89
85 141
2 144
83 287
22 290
7
77 97
73 105
17 142
41 251
14 252
52 293
1 294
6
96 5
60 34
11 82
25 183
91 195
10 205
9
39 3
26 21
25 30
12 34
15 76
48 155
94 236
73 246
62 276
15
31 4
9 23
68 33
42 62
68 65
84 89
56 113
41 129
94 156
80 209
64 228
63 231
4 248
85 259
17 287
5
13 0
16 63
6 179
97 181
7 186
6
18 27
62 55
96 161
39 173
93 185
7 208
5
79 110
28 167
8 179
69 230
46 288
2
56 152
21 240
4
83 35
37 76
5 163
99 257
6
30 42
84 61
57 67
45 101
42 131
59 145
4
68 63
30 75
55 89
12 202
7
66 28
23 33
43 92
15 100
56 121
73 161
47 220
5
95 13
36 19
99 220
65 222
56 245
7
15 10
73 59
69 71
93 76
25 247
77 249
96 262
6
35 33
79 52
34 55
93 95
24 247
2 255
7
22 75
14 107
42 140
12 161
27 213
66 259
38 282
3
69 34
46 54
83 162
10
43 1
9 15
65 34
90 49
35 81
31 105
21 124
47 138
90 223
32 296
9
98 76
30 117
28 130
79 131
29 193
86 213
23 235
7 262
43 283
6
49 51
15 163
33 195
66 262
67 272
18 287
5
35 128
36 158
53 167
92 262
17 278
3
63 137
85 145
98 283
7
28 37
61 114
72 135
24 209
65 224
43 258
21 283
11
75 44
51 61
69 74
76 92
77 124
61 143
13 144
79 145
71 162
2 238
85 268
6
22 5
60 45
36 51
99 54
95 169
86 291
3
50 50
42 265
60 266
7
8 68
39 91
64 95
41 174
62 187
28 231
13 290
2
100 160
25 163
9
31 40
53 154
16 195
75 197
37 244
35 246
78 259
3 277
46 283
4
11 133
75 174
83 268
100 278
1
99 185
6
42 40
69 64
13 66
12 96
90 216
44 226
4
31 8
51 76
53 222
36 233
1
42 61
14
16 15
95 27
50 38
60 84
14 133
79 155
84 177
85 181
24 182
64 199
80 237
69 239
51 254
23 270
9
90 20
78 26
16 86
19 105
97 116
64 122
3 130
7 144
41 245
7
76 17
74 40
76 60
12 77
35 94
62 117
81 162
6
56 19
81 115
78 142
22 200
71 205
12 276
4
81 11
12 64
78 75
52 77
5
82 19
42 22
2 40
12 113
79 120
3
90 71
64 215
92 260
3
5 202
93 243
32 274
6
62 13
76 99
26 106
7 118
96 146
27 237
7
21 60
14 69
98 107
38 118
63 130
85 170
39 290
8
88 13
31 42
8 160
65 166
99 202
19 217
2 244
97 295
3
71 166
42 215
12 273
9
60 50
99 97
9 147
56 207
45 214
35 230
11 242
20 260
85 274
9
42 14
88 75
88 77
72 89
25 114
49 162
58 177
38 242
85 255
4
89 215
25 224
39 241
84 295
8
69 61
66 153
75 154
74 171
59 251
84 271
16 282
23 299
6
72 2
66 32
28 115
17 155
98 234
95 248
5
27 9
54 55
25 172
6 255
19 294
9
92 9
100 19
83 108
56 128
83 169
17 186
94 213
28 274
23 288
7
72 21
88 32
39 41
76 77
46 151
69 200
44 205
6
36 98
66 126
85 179
31 280
2 283
45 285
5
24 15
18 70
67 73
47 158
32 270
4
44 0
56 18
79 76
90 118
5
45 71
68 77
59 165
63 194
38 228
3
93 81
2 117
12 127
7
68 33
99 108
27 127
99 235
32 282
75 286
72 298
7
67 41
33 86
11 131
57 158
39 167
100 168
52 248
4
71 0
30 74
25 165
78 299
9
57 15
22 79
38 104
87 140
44 182
4 266
33 275
55 276
49 290
4
23 237
10 265
50 292
6 299
4
6 75
3 77
40 172
6 293
11
96 37
64 56
59 64
39 73
39 109
55 117
26 165
31 198
76 220
83 236
20 245
3
37 126
36 204
16 242
3
27 28
52 110
79 159
4
47 17
8 24
63 45
66 260
5
56 139
3 141
18 172
99 173
79 198
4
33 107
16 188
99 198
1 247
6
40 66
55 102
25 144
44 251
48 259
87 292
8
34 22
39 120
78 134
79 153
50 163
26 237
79 271
24 288
8
70 69
37 116
65 127
68 144
93 145
21 234
87 247
44 261
8
48 80
64 84
54 99
6 124
29 127
86 128
39 224
16 245
7
51 15
100 92
67 110
26 174
66 177
46 268
31 296
6
32 46
65 100
93 114
97 153
6 179
85 234
7
16 32
81 166
93 200
2 234
39 277
18 284
26 291
6
98 5
19 79
95 85
93 157
23 193
13 233
6
69 117
17 119
82 168
61 179
18 203
2 204
10
84 58
22 79
7 80
79 128
47 168
59 221
68 239
48 249
33 279
79 292
6
48 10
11 24
99 43
76 47
18 105
34 225
3
4 50
88 160
8 259
7
11 26
97 40
89 64
70 99
22 160
59 215
96 276
3
65 123
97 226
44 246
11
57 72
64 118
52 138
61 142
88 145
59 190
7 214
43 234
9 244
41 257
82 285
6
39 93
3 117
12 155
53 202
3 217
31 266
5
23 20
61 139
88 155
10 165
52 262
5
28 22
16 106
55 145
55 263
52 267
5
77 159
80 175
84 207
5 234
17 297
8
35 18
96 38
70 42
67 147
21 192
37 234
88 236
34 262
3
51 117
48 119
77 189
4
62 137
19 190
67 222
73 257
7
41 42
3 69
5 75
9 83
85 87
15 171
66 253
7
73 64
7 79
49 117
99 159
86 196
47 209
61 211
7
45 86
44 100
79 108
7 219
8 243
99 248
78 274
3
80 12
93 100
31 145
5
31 72
17 91
49 136
36 215
41 298
9
11 10
98 32
51 42
93 66
84 67
47 72
81 83
45 240
85 287
10
80 37
90 101
40 110
86 225
88 235
73 256
21 260
78 272
8 279
35 291
5
10 48
42 94
25 181
72 269
52 290
10
78 9
98 43
39 58
26 72
91 87
26 118
22 124
65 132
7 143
88 242
7
52 46
56 57
66 58
29 78
30 116
29 118
86 177
6
15 63
2 145
67 196
80 212
97 217
11 271
9
58 0
35 13
63 48
41 60
62 93
1 118
20 140
98 177
59 199
6
59 27
17 84
83 93
77 98
72 112
25 158
6
43 102
34 136
11 203
69 209
100 210
57 212
7
88 43
84 107
79 118
94 132
9 167
57 218
87 270
5
1 42
58 56
80 173
98 211
17 223
11
80 10
81 21
75 28
75 51
86 56
35 154
54 183
37 194
78 206
36 242
75 253
3
65 91
55 168
16 187
9
64 38
74 83
86 109
80 160
73 177
39 185
76 188
21 287
17 289
6
65 40
67 51
5 67
7 148
10 200
91 207
3
77 20
64 108
95 146
6
63 12
74 16
60 25
66 212
64 271
5 299
8
43 53
66 67
78 83
78 115
82 164
45 185
3 192
22 217
7
10 65
40 72
51 105
7 126
76 130
87 287
15 293
4
19 8
34 27
81 173
33 203
8
53 22
24 45
16 57
20 93
20 187
60 253
61 265
19 299
5
2 92
82 149
42 207
3 267
62 275
5
21 8
18 28
7 42
94 158
36 221
10
28 14
80 22
98 23
44 47
83 81
61 82
94 93
21 170
35 192
42 227
2
62 22
78 254
6
9 119
88 122
61 164
67 166
13 170
11 287
2
4 36
74 55
5
99 47
1 65
4 156
73 231
76 251
6
88 8
67 90
28 98
40 123
69 163
62 217
4
11 15
28 27
4 162
80 173
5
10 175
15 177
46 228
44 282
44 294
8
38 41
77 49
95 151
64 157
36 172
91 193
54 200
94 279
5
98 1
14 5
42 18
90 34
43 96
7
52 43
83 145
2 207
13 223
41 233
30 282
40 293
5
12 19
99 100
42 134
74 155
90 202
2
14 99
73 204
5
9 13
42 85
3 213
86 247
29 292
5
62 3
9 23
77 27
3 79
58 281
5
79 109
74 156
67 194
77 237
20 298
7
94 1
8 24
75 42
35 110
15 155
24 183
87 243
6
30 55
72 76
67 109
99 118
45 200
87 292
5
86 36
84 55
85 97
56 203
34 280
5
84 15
82 16
84 135
78 228
80 268
10
46 19
34 29
43 47
2 62
26 66
21 144
84 178
69 201
94 223
100 247
3
22 25
14 81
81 128
4
36 122
32 216
44 220
34 292
5
10 30
18 33
75 139
33 229
90 250
5
97 17
13 29
2 80
13 117
80 295
6
4 47
65 49
94 164
51 215
85 258
38 285
8
89 53
86 99
81 106
53 132
37 167
13 211
29 264
32 277
9
11 3
32 19
9 21
17 65
82 94
95 137
28 228
14 247
10 253
4
53 22
43 29
89 205
86 252
8
20 63
95 69
65 178
51 180
78 237
65 238
6 260
86 261
3
75 184
57 254
32 297
7
57 11
9 45
51 72
9 109
96 132
42 171
8 290
1
99 158
9
65 17
99 38
59 65
23 102
17 128
7 208
17 221
45 288
2 296
6
63 13
8 40
97 67
19 244
70 276
63 283
5
63 8
2 34
87 168
54 206
51 231
5
61 53
46 72
90 119
1 143
28 196
6
43 74
3 153
16 166
54 236
49 283
65 291
6
19 26
40 58
13 68
94 124
88 189
48 241
6
93 74
98 78
69 133
39 215
84 220
83 273
4
91 124
11 152
78 179
37 232
6
3 108
81 137
10 157
97 222
93 239
6 250
5
77 38
34 99
73 112
88 159
69 269
7
40 94
35 211
53 219
94 221
17 240
42 246
63 254
7
54 25
70 116
35 122
3 171
31 196
57 236
89 265
3
31 50
27 66
27 239
3
95 50
48 76
46 90
8
38 110
85 155
3 171
90 192
54 203
88 244
37 249
48 272
5
72 81
66 91
21 123
74 140
43 251
13
54 16
4 28
62 32
61 47
95 70
75 90
83 110
37 157
54 173
27 174
13 205
78 226
70 280
4
72 95
63 117
24 228
57 274
2
9 36
67 219
2
61 66
67 95
0
7
36 54
18 62
37 102
98 124
7 225
95 249
89 267
7
50 4
19 95
49 189
81 240
25 270
96 281
4 289
6
10 56
59 82
70 200
16 212
81 226
70 284
5
70 42
77 65
21 101
30 190
71 231
4
30 35
75 72
77 226
67 238
11
47 8
27 24
23 79
56 83
1 84
73 108
93 111
30 194
44 214
6 233
54 264
10
47 18
19 26
2 90
16 113
17 190
35 203
91 214
67 279
29 288
77 293
5
10 76
2 77
76 196
8 225
75 241
6
12 21
50 47
13 86
35 205
61 210
22 219
11
15 80
85 92
9 114
13 139
16 167
9 195
51 196
76 199
22 234
84 266
100 289
5
17 56
61 145
65 184
25 190
69 245
8
56 49
48 53
87 103
70 128
60 212
75 236
51 258
27 290
9
84 43
24 98
80 137
41 164
41 167
50 193
8 197
93 220
51 252
5
79 20
25 34
4 91
80 175
58 180
5
10 36
66 37
70 43
27 175
14 236
6
50 66
43 118
5 119
52 141
21 279
64 286
4
41 44
8 127
2 146
54 277
4
85 87
89 125
46 177
70 287
5
25 62
69 79
51 264
26 285
78 290
5
87 41
13 75
47 98
46 273
13 288
6
65 25
79 51
76 88
86 140
31 208
4 253
4
71 70
7 182
58 220
89 257
2
81 165
52 296
10
5 12
1 42
31 44
96 54
33 59
29 112
53 189
65 202
96 233
11 240
5
85 71
60 125
94 213
44 292
17 296
6
85 13
40 87
32 108
6 146
46 175
49 271
4
14 220
34 224
85 265
60 292
5
92 38
31 124
17 131
80 215
81 277
13
99 19
12 66
32 79
87 88
79 98
11 104
8 152
29 155
71 177
48 198
6 237
99 238
42 241
6
97 12
15 32
11 76
25 180
64 186
98 213
7
78 36
61 96
51 136
23 167
54 234
67 241
59 269
11
76 21
14 74
39 77
67 80
35 85
10 138
29 147
27 165
68 189
9 220
39 259
4
39 15
73 112
79 158
76 238
7
22 75
81 95
72 103
67 145
19 178
46 231
99 274
10
46 38
81 47
50 63
62 64
86 80
71 108
56 112
61 131
99 211
41 259
5
13 20
80 27
99 97
44 168
96 261
7
76 10
8 67
62 68
50 100
51 253
52 254
48 277
4
60 47
55 73
84 267
15 271
8
77 0
32 22
90 50
84 56
92 111
58 181
50 232
100 289
5
96 19
17 32
8 93
16 155
31 230
3
11 76
31 95
78 266
7
79 5
40 45
6 62
97 188
47 190
30 230
55 281
7
29 114
66 129
34 185
10 216
2 219
28 230
63 244
5
13 1
37 181
57 229
11 272
22 274
5
76 8
70 43
39 79
48 141
32 273
1
6 141
7
13 6
90 23
26 53
75 242
9 249
58 263
37 269
4
63 25
85 42
40 58
76 142
7
20 1
20 50
18 95
30 108
74 209
19 234
24 244
4
65 48
25 207
10 263
87 281
5
98 14
9 180
58 187
14 222
10 295
6
72 23
54 66
99 131
8 151
47 164
28 168
7
86 21
78 58
59 70
43 87
79 96
37 124
12 270
7
2 47
62 118
97 129
77 152
33 226
4 238
41 266
3
3 53
56 156
24 254
4
41 118
91 129
75 168
78 197
3
48 3
99 136
4 189
9
11 48
77 49
66 92
13 107
28 156
8 165
67 168
14 221
40 247
8
5 7
72 16
42 81
39 88
7 196
85 233
22 247
62 270
8
78 57
30 63
98 79
71 115
92 128
31 143
41 232
5 241
7
6 1
45 42
49 63
95 189
96 217
22 239
60 275
8
6 16
34 24
98 60
92 174
13 179
84 180
81 248
46 289
8
14 29
70 51
73 70
26 126
32 148
11 250
19 285
76 291
5
20 28
81 153
61 163
62 202
75 258
10
95 29
9 30
94 62
13 141
11 195
95 209
7 213
6 282
46 283
24 286
4
3 123
71 157
31 180
67 280
3
99 65
7 90
71 184
4
52 28
57 39
65 133
78 231
8
92 59
87 105
25 156
40 195
13 198
17 207
100 259
31 265
12
21 3
44 53
41 57
7 66
7 88
5 104
60 138
37 161
85 188
47 197
80 271
76 298
8
55 13
5 55
22 69
94 80
80 100
49 129
13 137
26 186
2
68 116
2 256
6
63 61
18 79
68 186
77 204
51 239
13 285
2
69 65
7 160
4
27 63
82 210
38 214
15 273
8
78 47
84 48
44 80
16 204
94 225
76 227
82 229
17 284
8
86 62
78 69
98 97
86 109
55 114
42 146
41 219
10 299
2
90 58
8 283
4
52 20
40 89
13 105
88 164
7
58 32
22 44
1 53
68 108
18 176
63 211
23 223
2
94 149
19 260
7
98 15
20 23
43 60
31 107
52 212
7 228
17 299
4
26 18
50 56
78 77
97 234
6
70 55
51 90
2 160
23 197
96 223
34 284
9
68 49
28 69
86 76
85 155
37 214
71 230
85 255
38 266
33 286
9
32 1
71 61
37 71
20 110
98 132
1 145
75 264
50 295
36 297
5
36 20
20 53
60 90
46 104
43 212
8
78 66
24 72
71 81
100 106
85 181
6 196
67 249
77 261
5
89 12
30 28
6 35
76 213
46 224
5
35 117
28 139
48 157
9 183
17 278
7
58 155
24 170
18 229
41 246
71 259
58 274
13 289
5
6 8
85 28
20 64
32 264
46 290
5
12 5
52 18
43 64
81 88
14 163
6
41 44
3 102
28 147
74 149
66 161
83 168
6
63 109
42 132
21 159
85 165
18 243
38 296
8
37 32
42 35
17 58
47 76
82 107
94 190
69 193
9 220
4
32 6
22 253
16 273
40 292
300
6
77 49
81 97
90 125
12 165
23 233
12 258
