300
300
30
90 1
24 5
79 7
18 20
45 31
26 33
50 37
61 48
53 84
11 98
50 121
60 122
56 126
30 130
25 134
78 157
93 164
69 169
50 186
81 195
2 200
69 216
28 220
42 244
28 245
83 269
92 283
16 284
56 290
41 294
22
97 2
81 10
41 29
35 50
66 57
14 73
20 99
47 130
20 154
96 161
29 166
97 171
89 194
24 201
47 202
42 231
19 239
65 242
53 255
63 269
79 272
16 297
20
47 19
96 23
92 38
92 43
10 47
100 64
6 67
53 68
93 134
93 141
87 146
36 166
16 177
64 180
77 214
52 258
75 266
42 279
46 288
48 295
27
97 0
89 3
71 25
21 28
91 32
66 40
100 41
55 48
94 51
51 59
46 70
93 89
24 93
14 103
10 123
2 132
24 148
86 162
47 198
64 201
35 203
35 216
75 232
32 247
8 266
63 296
53 299
23
21 6
4 20
45 35
87 42
8 62
31 72
75 84
58 85
95 93
73 107
45 128
99 171
78 200
4 206
61 209
85 226
48 228
9 238
78 239
84 240
86 257
93 268
65 279
21
68 11
68 18
24 32
24 38
78 40
96 50
38 75
18 133
8 151
14 181
25 182
83 183
64 185
10 193
99 211
79 241
14 263
64 264
83 269
13 275
74 285
29
5 5
17 10
79 32
25 34
4 35
37 42
32 54
71 69
22 72
2 78
88 89
44 98
9 133
93 158
71 169
80 179
45 184
15 188
60 201
59 224
60 229
4 234
12 241
73 246
95 251
19 255
42 259
24 275
49 291
33
7 62
90 64
12 69
10 87
56 89
60 90
8 117
99 130
91 139
75 141
43 143
47 162
66 176
97 189
8 190
31 202
96 209
60 210
29 217
22 225
16 228
50 238
3 244
98 252
70 254
99 255
50 256
66 257
40 259
91 262
4 272
65 277
22 284
18
76 1
27 7
18 9
21 11
13 30
18 76
49 107
52 133
3 135
59 164
65 168
14 195
88 199
64 213
86 219
23 283
60 288
46 290
22
11 17
75 18
13 24
18 29
54 37
100 41
90 54
11 59
98 81
75 88
41 90
66 93
10 99
58 132
53 138
84 139
22 142
82 148
36 185
80 234
68 279
39 299
26
36 13
78 66
93 71
57 87
50 96
60 97
10 110
36 114
47 120
68 121
52 127
82 128
97 161
83 172
11 204
89 216
28 222
90 231
38 245
93 247
28 248
61 254
89 257
8 264
61 279
59 285
24
23 10
36 28
36 30
83 31
60 33
52 46
58 57
54 59
11 70
83 86
28 103
54 107
44 112
69 146
83 164
4 191
85 193
75 204
29 210
11 219
18 236
35 239
85 247
11 298
15
36 31
78 32
91 38
13 53
69 79
62 80
33 126
96 185
18 222
20 240
84 244
53 265
7 278
82 282
91 299
29
10 1
13 16
34 21
91 22
89 28
46 29
46 33
35 61
65 63
48 70
51 95
4 96
37 99
13 131
100 132
17 140
9 141
98 155
75 159
47 190
47 209
22 218
14 222
54 237
68 243
68 262
2 275
48 278
1 295
16
76 11
34 22
92 40
92 44
5 49
15 57
17 82
81 88
89 110
66 114
91 189
41 194
89 206
49 218
85 264
19 279
15
87 48
3 86
1 108
59 114
25 118
10 127
96 143
20 165
8 208
61 216
41 241
12 248
52 264
71 294
90 296
20
45 33
78 66
3 73
36 94
77 98
36 122
34 126
8 142
92 158
71 168
21 180
97 190
16 205
63 254
74 259
15 272
40 274
5 279
38 292
88 298
18
10 24
77 37
19 41
52 70
30 72
50 103
30 122
14 123
86 127
70 134
52 162
68 173
66 235
25 256
64 271
91 280
80 289
64 290
25
54 4
46 21
77 32
95 35
73 52
14 59
61 64
6 98
54 107
56 114
29 139
46 150
100 161
18 201
18 241
55 244
79 264
65 270
64 275
28 278
54 279
8 282
74 283
44 290
18 298
23
56 5
34 30
27 50
93 69
60 86
63 126
62 161
90 176
28 178
50 193
34 196
73 197
28 201
14 205
61 206
18 240
76 241
84 245
8 247
1 262
45 284
31 288
39 295
28
3 39
31 43
97 76
26 81
23 115
15 119
40 121
64 143
43 162
75 169
99 173
1 192
69 205
67 220
28 222
32 225
34 232
87 233
20 247
67 253
31 258
19 264
41 277
24 283
16 291
4 292
75 297
70 299
29
44 0
9 4
100 6
97 8
99 56
40 66
74 76
88 84
90 85
98 144
74 151
60 156
65 169
95 182
49 198
58 199
25 205
4 220
33 228
46 233
46 234
81 247
92 248
87 251
18 253
100 254
73 255
1 270
78 287
22
68 2
11 20
33 23
38 48
39 55
37 65
53 125
39 147
81 155
6 192
38 202
1 210
6 232
71 234
74 241
74 250
30 253
47 273
70 276
54 277
77 293
60 294
26
38 3
3 6
23 21
72 23
45 30
89 33
2 34
84 40
95 46
86 56
91 71
10 74
43 84
38 101
74 124
95 158
85 166
57 177
72 178
77 186
26 191
26 199
14 202
61 204
82 207
9 266
28
64 22
44 31
51 39
81 40
13 44
69 57
6 71
79 75
21 84
54 100
54 106
6 146
63 149
31 152
39 157
26 158
30 165
75 166
63 167
40 175
6 209
68 219
76 228
68 236
24 237
51 240
21 250
42 266
22
94 23
91 35
50 39
8 48
68 49
85 72
26 75
31 83
33 91
35 93
64 109
98 136
13 149
95 175
49 231
88 237
32 250
5 252
58 254
7 258
34 261
51 270
31
92 9
19 21
42 27
98 28
63 32
33 49
40 72
71 73
33 75
60 86
27 94
53 132
69 141
74 147
94 151
2 153
8 161
53 165
97 167
2 169
99 179
58 200
46 219
86 220
69 227
4 230
97 247
60 250
79 252
26 255
54 258
16
97 18
87 27
43 32
48 77
96 92
25 104
39 107
11 116
35 146
72 154
36 164
34 193
96 246
10 263
80 267
49 277
27
82 21
88 25
63 27
40 33
68 35
54 40
29 76
35 84
26 87
68 99
24 111
56 123
18 127
97 131
62 138
43 158
77 162
89 172
41 196
2 198
49 201
53 223
81 225
97 261
19 273
30 279
65 294
24
51 10
54 12
9 15
74 43
4 71
54 74
80 85
59 87
92 96
6 105
44 118
100 130
23 187
44 209
73 215
30 227
23 234
7 244
65 248
28 252
99 257
71 269
63 289
35 293
26
93 3
23 11
53 13
53 41
56 43
12 45
34 55
9 63
15 72
96 77
62 114
75 117
11 118
15 144
98 146
7 172
88 194
99 208
15 210
86 217
37 223
34 234
25 249
100 253
96 281
74 299
29
71 0
69 17
53 19
53 25
75 31
93 39
33 49
100 51
62 53
34 83
94 106
86 118
70 120
93 126
69 132
36 150
68 179
74 185
4 199
34 201
70 229
54 238
65 242
92 246
29 249
54 255
27 266
55 285
10 297
27
9 9
51 28
56 39
50 40
64 42
76 49
89 51
82 74
24 112
47 114
75 120
60 124
65 149
29 163
32 170
61 185
31 197
86 201
61 204
95 207
99 238
4 239
63 258
18 259
44 265
85 291
72 295
29
11 5
65 9
92 19
53 37
16 68
29 72
41 76
8 90
56 96
30 97
30 100
15 101
82 102
7 145
34 149
59 156
1 171
35 177
59 188
49 191
64 193
64 194
10 210
46 223
14 232
26 236
66 246
43 267
62 295
19
69 9
84 58
24 84
70 117
20 134
43 154
26 161
27 165
86 173
11 207
8 209
75 227
22 229
93 235
36 240
2 247
98 265
14 296
31 299
23
76 4
6 31
83 38
26 41
73 64
93 76
69 81
40 87
74 93
60 104
25 131
63 136
35 148
17 149
94 150
75 154
53 213
7 215
52 219
36 227
83 228
92 257
49 291
28
45 0
6 6
40 36
65 47
20 87
82 98
39 114
60 131
57 147
86 159
25 163
14 168
37 175
25 180
19 186
4 198
46 201
82 205
25 212
52 224
32 236
78 245
79 249
59 252
14 261
60 268
55 270
9 284
25
39 5
85 42
68 43
61 52
62 67
37 69
87 74
27 109
55 121
33 162
5 167
14 175
85 183
89 207
61 208
95 213
10 225
11 241
15 247
19 252
61 256
45 257
2 264
65 266
9 291
34
78 0
60 10
47 13
5 19
14 22
16 34
84 36
67 38
45 49
23 50
95 66
65 69
74 78
92 81
27 83
69 109
79 121
66 123
29 126
34 130
94 134
58 156
61 164
10 195
40 202
7 220
90 221
86 233
85 241
88 247
36 253
95 257
29 261
31 279
19
32 18
26 28
12 29
82 66
19 91
97 94
23 99
31 111
16 125
98 140
13 159
59 176
71 181
94 193
76 200
55 252
71 268
25 274
71 280
31
13 16
53 20
6 26
34 27
72 28
4 55
26 67
35 69
99 76
6 90
39 91
89 95
23 104
77 108
5 118
91 124
66 150
69 166
34 168
70 181
68 185
17 201
96 203
96 205
44 209
47 224
60 225
95 232
22 233
59 258
66 277
23
21 10
16 47
44 64
93 66
80 70
26 73
73 77
50 82
42 99
25 113
16 184
61 201
66 206
75 207
73 219
98 224
100 228
4 231
99 240
35 243
6 273
88 288
26 295
18
29 7
3 22
10 23
21 32
100 38
25 80
60 84
54 85
90 99
71 146
55 161
63 164
13 165
69 208
48 218
78 232
65 278
2 279
28
63 9
61 18
10 22
27 28
66 30
14 40
5 64
14 68
6 71
21 75
39 78
8 99
35 100
31 120
44 122
49 138
98 145
85 172
86 182
13 191
93 194
59 201
49 212
54 221
26 245
82 261
88 276
10 285
11
16 16
52 46
42 68
14 72
65 119
56 139
62 194
6 225
62 235
89 243
30 246
24
53 9
88 14
54 15
95 45
63 47
28 49
39 55
37 56
34 77
3 101
58 106
96 113
28 128
36 129
90 141
51 159
42 161
66 177
47 181
93 192
13 202
98 211
53 217
39 218
21
64 9
72 28
51 52
7 58
35 64
46 75
63 102
63 105
12 111
87 117
40 124
47 147
42 149
100 167
69 198
11 216
43 231
14 240
38 242
20 255
86 259
27
37 1
47 3
36 25
2 28
79 37
95 68
28 72
72 78
25 89
80 123
100 124
13 153
90 160
84 164
66 169
39 184
30 188
4 191
22 195
83 196
35 235
68 256
36 261
55 262
91 274
14 290
58 294
23
43 7
39 8
16 17
85 30
57 49
88 57
12 58
10 62
23 74
83 83
73 92
47 99
57 101
62 135
93 137
49 151
55 153
26 202
5 232
66 262
19 271
3 294
35 297
28
93 28
16 31
64 42
92 44
47 52
87 67
37 98
35 100
99 113
76 123
69 129
98 139
100 140
47 152
10 192
63 211
82 213
3 214
61 221
59 232
76 239
98 249
73 259
53 262
37 263
2 264
70 280
1 282
27
85 7
60 8
88 11
28 24
79 53
48 58
27 60
71 62
44 68
64 102
91 109
11 110
9 153
54 165
14 169
1 172
68 179
56 182
36 206
31 207
86 215
37 245
18 251
57 258
96 259
15 266
24 267
22
50 8
70 21
54 32
44 44
88 68
60 86
40 95
66 116
54 123
18 148
12 160
6 170
61 181
66 195
74 200
77 256
36 257
58 261
51 262
21 264
25 270
71 280
21
39 8
28 15
77 20
22 33
80 44
64 47
72 59
54 71
100 75
14 91
85 92
82 121
69 123
27 136
2 143
23 152
61 198
36 214
14 222
86 239
75 241
25
34 12
4 20
97 47
2 60
85 61
8 70
11 82
64 92
66 119
23 120
45 127
45 144
86 145
41 149
89 153
6 160
72 171
32 181
62 184
15 202
84 204
19 230
79 262
38 267
38 272
24
17 5
62 32
23 37
82 71
61 82
13 83
42 105
46 114
98 115
50 131
66 142
39 145
75 147
25 148
44 169
85 173
53 182
25 222
23 225
66 230
10 253
25 257
66 279
5 293
15
74 7
90 34
77 38
17 41
71 53
24 63
42 117
57 141
42 154
9 175
12 190
59 201
57 231
27 267
33 284
23
45 10
9 24
8 27
31 36
58 37
80 39
22 73
92 75
42 78
17 98
55 110
52 126
78 151
88 159
61 223
5 227
73 247
90 248
7 253
52 256
64 264
45 279
11 298
23
74 14
46 24
23 25
49 36
92 67
96 87
19 96
33 130
19 133
9 139
82 184
2 188
87 196
51 204
58 207
24 226
93 234
41 237
90 249
18 256
83 260
45 261
65 272
21
99 10
65 41
84 42
10 46
23 140
1 150
96 157
41 158
60 165
25 170
73 187
15 211
76 223
59 225
9 234
91 247
55 253
4 263
15 285
41 290
38 294
16
75 10
50 19
24 27
42 47
53 54
86 58
88 62
68 70
77 88
49 100
32 160
61 172
78 221
55 247
61 262
13 289
25
6 9
50 35
68 38
48 58
48 75
6 78
35 82
95 84
21 95
78 103
25 115
57 132
11 133
26 139
61 159
21 189
87 207
76 208
50 219
97 224
39 231
23 232
56 259
13 289
82 299
19
35 2
33 21
59 23
33 35
98 99
34 101
81 106
72 147
76 163
55 169
60 175
56 177
26 192
33 230
9 241
17 255
84 290
11 294
94 295
22
32 3
1 10
38 22
12 31
87 46
97 49
88 55
60 73
86 74
47 84
72 102
65 116
44 122
87 162
51 194
45 206
86 216
53 249
3 261
36 284
100 286
70 291
25
74 10
49 19
64 36
99 38
7 47
15 51
88 59
78 67
83 74
65 80
38 81
57 85
49 89
12 97
89 127
32 131
20 149
76 162
87 169
94 180
21 184
53 200
79 227
24 239
94 273
21
92 37
33 83
55 86
5 114
28 150
97 154
79 167
82 171
35 183
40 185
82 193
54 205
88 220
22 244
48 245
82 256
20 258
13 273
55 282
60 292
89 297
19
43 22
37 48
7 56
63 66
36 68
25 85
9 88
94 103
39 168
88 171
100 183
52 185
89 211
87 255
45 262
19 275
95 291
94 295
92 299
26
49 7
87 22
80 23
42 45
20 67
5 70
83 71
43 72
16 77
45 81
43 100
91 114
3 126
87 139
43 162
49 172
41 177
21 198
54 200
37 214
64 220
70 225
8 240
50 262
44 273
72 290
16
8 41
93 69
61 75
14 99
87 115
90 118
37 128
59 145
91 176
57 194
40 219
83 221
95 233
40 239
30 266
49 275
20
66 43
10 52
93 55
40 65
19 67
48 85
87 89
1 95
88 112
85 119
14 135
86 139
13 163
89 196
56 201
23 211
46 214
36 263
30 280
11 281
25
82 7
95 15
69 58
100 106
25 111
94 116
47 125
4 128
28 149
36 150
13 156
49 189
1 196
88 197
31 200
46 201
61 212
9 223
88 224
44 232
5 244
88 259
9 268
91 269
59 286
25
77 5
14 9
4 22
51 29
10 33
100 49
12 52
85 56
85 66
100 103
17 105
53 113
34 154
28 155
29 159
91 161
76 166
88 196
95 231
31 235
29 255
31 271
25 275
31 281
78 298
33
57 16
22 20
28 22
100 39
12 65
30 71
42 73
5 80
39 90
16 91
26 102
68 114
59 125
90 130
81 148
12 151
73 163
4 170
97 174
22 176
19 182
93 189
10 198
95 203
26 239
5 242
9 246
76 265
4 272
99 275
41 284
74 286
40 298
25
13 4
26 22
26 33
86 38
13 39
90 47
68 56
89 72
15 73
31 85
34 88
26 111
41 117
85 131
87 132
14 157
70 176
2 177
11 180
97 191
89 197
74 233
54 253
44 281
57 286
29
100 9
15 14
91 20
83 35
41 63
26 92
21 99
7 113
97 122
17 125
54 146
64 147
5 164
31 168
73 185
81 186
46 188
62 199
80 211
95 222
17 225
70 227
27 229
44 247
27 252
47 263
79 266
68 270
83 284
22
99 20
12 28
5 34
78 37
18 40
94 41
36 60
98 70
86 81
98 86
35 95
11 101
20 120
39 141
20 151
94 160
71 161
36 200
23 207
58 209
60 267
71 277
26
96 7
89 15
93 16
53 57
41 60
93 81
33 92
18 94
33 95
77 98
86 101
55 124
58 136
19 144
59 161
38 177
2 204
51 206
86 218
81 226
52 250
100 253
37 255
75 257
29 278
81 290
29
20 16
72 18
60 24
3 34
43 58
18 65
9 69
89 75
23 77
52 82
63 83
48 88
44 89
69 93
75 95
94 101
51 109
10 110
9 120
96 133
18 144
76 155
89 159
13 161
40 173
64 204
96 208
23 286
49 289
22
51 7
77 18
40 49
44 60
75 69
100 86
9 104
91 115
64 128
43 150
86 186
36 215
24 225
96 227
10 228
81 235
33 238
79 242
77 245
30 262
54 286
21 298
24
49 2
12 5
78 17
95 57
84 61
90 69
24 89
3 116
55 117
27 119
95 133
98 142
60 166
98 176
47 185
100 193
68 196
61 210
15 224
34 227
85 228
40 239
77 265
2 291
33
95 0
75 7
41 15
70 32
77 41
28 42
21 48
98 51
72 53
51 56
74 61
62 63
25 65
19 76
81 83
84 91
83 109
36 122
36 124
100 137
84 154
6 170
92 186
89 237
23 243
57 250
37 259
62 271
69 283
47 289
44 290
52 297
77 299
22
12 20
22 29
21 40
13 51
24 54
57 56
21 57
87 116
84 120
37 135
83 156
25 163
29 170
50 171
51 204
90 214
51 221
8 222
27 249
54 263
21 275
87 282
21
34 17
70 21
15 33
32 36
93 50
40 59
26 133
54 159
52 165
57 178
100 191
20 200
66 208
45 221
83 233
73 240
17 267
45 269
4 272
56 275
29 295
27
18 10
11 12
97 16
74 28
29 44
84 52
59 104
35 105
52 122
94 124
83 125
73 126
16 133
58 140
40 161
95 167
16 178
22 179
3 180
46 200
21 229
46 245
43 250
96 256
29 269
33 280
80 299
24
5 10
12 12
85 13
48 28
26 38
37 41
32 44
53 48
23 57
14 71
2 81
66 120
37 125
61 171
92 186
85 200
55 207
82 211
8 212
6 219
2 245
93 247
48 253
31 287
27
73 2
86 14
22 15
70 20
17 50
34 69
89 71
78 77
63 80
55 84
8 109
50 115
80 119
38 131
91 145
42 163
87 175
21 177
75 179
89 187
56 189
61 221
10 223
80 253
43 255
78 283
91 291
32
61 11
77 42
5 49
41 60
19 72
91 85
93 115
66 139
20 141
9 145
92 148
70 150
70 157
62 159
10 163
56 183
16 184
56 201
72 206
13 211
11 219
8 224
79 225
55 234
60 235
84 236
10 239
97 252
13 254
84 272
90 285
77 297
24
27 2
77 29
68 42
81 43
48 51
18 74
88 80
31 107
3 116
56 142
13 172
95 189
96 194
52 202
19 210
11 224
81 227
37 229
53 246
8 254
14 260
17 264
15 271
97 288
26
44 6
28 16
87 19
19 53
1 54
44 60
11 65
29 80
11 101
32 140
35 144
24 146
22 161
34 165
78 184
44 200
13 209
51 217
85 222
77 239
33 244
38 246
29 247
46 252
82 267
16 290
16
19 13
52 22
67 41
78 85
85 138
17 140
60 156
9 169
32 191
10 195
44 196
85 206
45 264
74 267
18 271
14 275
23
72 4
14 11
82 21
75 64
32 67
92 99
68 101
34 122
86 154
92 159
82 162
76 174
56 188
98 196
91 197
59 200
62 208
97 217
38 231
51 241
39 269
23 278
97 279
25
53 1
94 33
23 83
52 88
52 89
40 95
1 105
29 109
69 130
37 132
69 150
48 176
98 179
94 198
100 203
55 212
69 215
17 218
82 221
21 230
12 238
72 248
9 253
65 259
54 263
27
66 10
2 11
20 13
53 26
63 46
47 59
33 74
8 82
93 89
62 94
65 99
95 103
72 108
20 141
2 148
90 165
3 172
98 176
7 192
94 209
19 210
74 216
16 241
100 259
37 280
95 283
18 288
12
69 52
10 63
15 67
83 89
92 101
52 113
58 166
21 205
8 258
55 266
38 274
59 277
24
65 17
73 42
82 64
61 71
33 78
36 92
55 102
92 114
50 130
87 136
93 153
39 158
33 159
56 173
87 175
68 178
79 183
85 185
54 187
37 192
83 229
87 252
63 257
64 288
30
77 4
34 21
81 36
55 54
52 65
39 70
76 78
37 81
82 105
48 112
97 115
94 118
45 126
12 143
12 156
36 157
90 159
14 166
26 193
95 195
93 196
76 205
82 210
17 215
63 224
100 226
54 245
31 255
3 257
48 277
21
72 16
39 28
31 31
19 77
13 80
86 81
82 123
92 129
80 140
40 145
18 151
49 153
2 158
74 177
55 195
17 200
83 225
4 245
98 267
90 272
93 290
25
31 45
79 68
27 75
8 79
4 99
67 109
19 110
51 128
96 138
22 141
75 142
50 173
56 179
72 186
6 211
90 217
22 224
93 229
9 238
11 243
46 259
27 264
35 266
57 272
87 273
28
95 13
3 51
16 65
80 67
99 71
24 90
65 99
29 103
65 113
51 126
91 138
95 143
23 159
31 164
24 171
44 173
9 177
41 199
90 213
7 221
85 238
40 242
95 248
100 255
44 264
97 268
72 290
29 293
17
13 10
3 22
47 30
84 73
33 74
8 91
59 98
93 101
75 106
14 117
61 144
35 153
65 173
28 193
42 240
27 279
98 293
27
95 30
18 35
74 53
11 69
1 80
100 82
54 84
12 93
97 102
8 108
56 109
90 124
66 126
56 169
73 188
24 192
84 197
19 204
91 211
55 216
1 223
86 233
52 238
78 239
19 256
70 281
55 291
24
24 51
5 65
15 72
17 90
99 102
37 123
37 132
63 144
26 159
97 173
18 187
36 189
34 220
16 221
67 229
28 235
54 238
16 249
63 251
59 253
58 258
54 259
60 282
19 287
22
99 4
21 14
3 15
43 16
54 18
58 29
10 44
21 53
41 86
25 98
26 99
15 134
11 139
42 155
71 179
14 188
83 231
82 235
61 236
74 257
51 270
33 282
26
74 19
18 35
21 67
78 70
31 74
83 76
42 81
29 86
17 98
31 107
66 117
35 118
91 123
35 124
68 140
50 144
30 181
62 187
43 189
64 199
88 215
47 218
37 234
55 256
2 276
89 289
28
93 7
42 10
21 22
50 27
36 41
7 43
2 51
61 63
88 69
64 71
91 73
20 91
16 92
76 102
93 115
27 119
64 140
89 142
89 169
10 187
2 202
32 203
28 210
46 242
12 254
39 276
99 282
27 291
31
39 8
70 21
53 22
17 41
80 43
84 50
31 62
28 76
54 89
21 104
56 107
36 109
35 120
18 128
100 142
61 146
31 148
61 155
71 157
54 163
99 173
52 192
17 197
71 217
2 219
13 230
67 239
57 262
4 275
68 278
76 283
20
25 12
35 26
87 62
74 63
29 73
99 95
38 105
46 110
35 115
40 130
91 132
52 184
25 216
19 245
81 247
71 253
55 254
38 259
44 266
38 290
14
26 9
45 10
65 18
33 38
14 72
18 82
93 133
94 181
18 207
45 256
65 257
59 274
5 279
12 281
25
42 15
60 42
18 51
82 67
54 128
86 130
73 131
6 138
12 146
54 151
99 156
100 171
41 173
92 186
83 192
100 197
100 205
66 217
93 227
15 244
22 260
61 264
35 266
36 278
76 297
24
71 0
26 2
61 9
23 14
5 15
4 17
10 47
19 56
76 60
58 88
38 92
97 109
25 129
64 160
96 212
46 229
14 238
60 246
17 261
96 264
19 281
55 289
85 290
22 294
23
3 1
83 18
63 28
9 32
32 61
94 65
16 100
47 120
82 124
5 133
80 135
30 137
52 155
92 186
30 193
87 205
77 219
85 222
95 259
89 276
94 283
51 287
100 293
17
12 1
21 33
42 47
100 65
77 93
50 109
37 115
51 130
88 155
25 208
46 230
50 254
19 262
37 268
57 272
18 276
26 282
24
56 20
69 24
86 47
47 49
55 71
67 87
67 88
60 94
18 96
28 134
82 135
39 138
80 152
9 183
74 197
39 215
35 230
12 239
6 264
27 265
2 274
82 275
16 293
72 299
29
69 5
69 10
66 34
98 35
64 43
36 60
5 64
48 67
93 74
73 95
62 120
26 124
20 129
46 142
45 168
62 172
54 176
51 178
34 184
76 195
92 206
48 210
42 211
66 226
35 241
99 245
45 252
90 283
55 284
23
63 1
94 4
99 34
46 51
43 54
5 55
22 82
24 97
28 105
10 114
22 130
27 138
100 160
74 172
21 195
9 196
52 200
94 216
17 217
69 246
21 297
13 298
29 299
33
71 2
78 15
32 26
55 38
67 43
71 45
26 49
51 50
11 57
90 80
67 84
14 94
24 101
29 104
92 114
13 115
24 118
35 129
100 137
66 142
79 154
5 155
6 162
74 163
65 187
100 233
34 240
48 246
68 268
67 272
86 277
77 281
69 289
29
55 9
62 24
34 28
33 35
94 62
45 81
96 84
55 89
65 110
32 117
88 138
15 148
100 155
42 170
74 171
77 194
98 199
87 208
47 209
61 212
8 217
79 230
97 240
21 244
30 248
52 250
31 252
71 255
48 284
21
95 14
10 48
26 59
27 60
91 75
22 76
49 80
22 92
67 97
26 106
89 111
71 126
90 128
24 141
18 153
42 188
39 195
44 196
81 233
62 244
9 266
22
100 15
41 37
33 39
61 51
71 53
92 60
86 61
79 76
24 82
51 87
99 118
83 131
69 150
61 185
81 198
86 214
88 217
11 218
40 249
7 257
63 288
54 297
27
78 0
81 2
22 10
85 25
77 29
76 44
28 45
31 53
50 57
86 77
4 80
15 83
7 85
66 94
50 109
81 112
72 136
41 156
24 157
99 181
88 210
30 211
58 224
21 257
40 260
19 283
20 290
23
52 3
98 25
21 27
44 28
64 31
63 66
25 69
8 86
69 101
69 109
74 110
51 128
57 153
52 171
47 177
96 179
96 187
65 207
29 223
96 235
41 260
45 272
76 298
22
2 4
89 10
70 47
2 81
76 95
99 109
89 111
99 131
34 135
24 138
42 148
16 154
92 175
78 177
93 193
11 235
13 251
52 253
22 261
1 263
37 265
84 267
22
18 12
94 27
19 41
72 52
29 80
2 87
34 142
45 156
19 159
30 166
43 176
36 196
90 197
68 200
95 212
93 214
56 227
90 233
16 261
82 268
15 287
32 288
19
8 1
94 37
15 45
96 53
50 82
71 86
42 94
11 106
30 111
57 129
75 146
80 152
20 168
24 216
97 252
98 277
26 281
2 296
84 298
17
93 2
64 4
59 33
37 48
40 60
72 95
3 96
72 118
61 137
19 149
62 155
62 172
20 177
58 207
95 233
22 262
76 299
31
70 6
39 22
34 24
86 33
30 41
71 60
80 80
49 82
77 85
53 111
96 115
75 121
20 131
19 165
9 182
13 190
10 192
20 211
92 212
84 221
7 225
100 234
85 236
36 261
86 271
50 275
89 283
99 291
55 295
25 296
96 297
30
99 0
44 4
14 20
50 33
90 37
50 42
5 51
48 71
65 81
87 88
77 93
68 106
37 110
39 118
75 127
27 129
50 136
99 160
60 180
96 203
35 224
50 226
16 251
62 254
48 255
78 257
56 258
100 259
26 262
98 293
22
91 2
99 10
86 11
75 16
86 19
88 23
40 32
38 42
14 47
17 66
31 69
92 77
24 89
98 124
81 125
76 154
87 210
5 219
29 266
33 267
16 283
43 290
25
43 15
70 18
11 25
69 42
1 43
23 48
58 49
47 58
42 59
70 64
88 78
34 95
79 106
39 126
63 130
94 138
92 157
3 158
84 164
5 170
100 208
55 245
99 256
86 278
98 291
25
93 5
82 20
74 27
78 29
61 32
36 55
61 61
38 63
67 82
59 103
68 104
92 110
46 123
57 124
61 125
38 136
63 154
23 160
62 171
90 176
5 187
95 238
83 261
49 270
65 277
21
31 13
44 31
12 38
91 49
70 75
78 81
8 84
49 88
42 117
19 123
16 129
51 151
40 161
20 175
3 179
56 189
39 265
47 266
87 269
23 277
82 287
35
40 0
44 1
71 7
49 17
14 30
41 70
16 76
67 78
98 82
34 90
60 95
9 110
34 112
71 128
64 129
83 131
5 133
68 141
81 152
76 154
28 165
12 169
31 172
99 177
47 180
4 191
78 196
68 214
4 230
93 252
12 277
64 279
98 287
68 290
53 293
37
74 2
76 13
51 15
40 25
74 27
33 34
100 66
89 86
78 87
6 98
94 107
69 109
14 116
57 120
41 131
56 138
73 140
17 141
25 143
14 150
54 157
38 166
4 167
86 175
68 192
16 197
24 199
71 200
68 206
23 230
1 234
50 238
67 241
1 247
35 286
34 290
79 297
28
32 24
15 32
63 37
71 46
69 47
53 68
24 89
39 109
82 110
5 128
32 129
74 135
77 137
10 150
11 159
88 168
26 182
61 186
79 199
49 218
60 231
63 233
48 242
47 251
71 272
25 289
44 291
79 293
19
45 43
55 54
23 98
32 104
61 160
51 192
32 201
81 203
90 212
40 213
35 216
54 217
60 233
16 244
12 246
10 274
2 277
32 282
57 293
15
75 1
67 20
29 38
9 56
80 89
72 117
13 147
44 151
31 157
17 162
21 172
96 219
85 236
91 241
13 271
20
70 45
47 78
60 92
64 94
98 117
47 120
17 144
8 149
91 151
5 189
26 200
55 206
7 218
58 225
32 228
16 241
33 251
24 256
84 273
43 293
21
75 12
37 15
36 38
81 41
36 44
20 51
26 60
80 67
58 98
8 109
59 116
35 144
48 158
93 163
70 164
27 202
63 216
67 261
65 284
94 287
2 290
17
92 27
68 60
94 61
25 79
9 92
28 179
88 198
64 213
83 219
56 221
61 222
93 224
19 231
37 238
17 273
26 281
21 286
29
52 20
94 31
72 32
39 42
8 49
98 66
22 77
29 89
63 93
26 97
75 111
14 121
92 127
77 150
85 163
43 167
95 174
77 177
65 178
26 183
90 197
52 208
33 210
43 254
83 256
64 270
73 271
70 278
75 283
19
87 38
38 42
52 45
78 86
38 90
20 101
46 166
49 177
79 178
82 193
48 201
7 220
93 232
19 251
87 256
81 260
4 271
86 277
2 293
17
36 8
69 10
14 15
53 37
89 55
5 58
84 78
3 91
83 101
32 105
18 132
25 151
14 175
87 204
8 223
17 251
94 272
29
36 39
8 53
46 60
24 70
84 72
96 75
27 77
86 98
21 100
26 104
53 112
21 115
26 116
3 119
82 136
63 139
44 142
66 149
60 161
44 165
79 180
93 214
61 215
21 232
93 238
46 239
25 263
6 276
97 288
24
61 8
70 12
33 16
87 27
28 31
47 35
50 55
43 57
52 80
66 85
35 115
17 149
16 156
31 180
60 204
18 221
15 249
13 251
3 259
85 261
64 263
83 264
16 276
23 286
28
100 3
87 18
45 73
44 74
38 79
69 86
26 95
49 97
80 105
63 107
48 116
99 123
19 124
14 135
89 164
50 174
60 182
17 185
11 194
76 196
26 197
80 214
15 216
79 223
35 258
68 263
1 266
16 268
26
39 2
77 32
25 41
64 44
27 72
78 80
55 84
48 88
88 107
87 124
2 140
22 142
53 159
88 172
34 175
71 187
26 195
52 200
32 205
21 206
96 218
81 232
32 236
99 261
71 271
15 289
26
41 4
77 49
18 51
17 78
33 83
26 102
43 126
13 132
69 142
85 155
48 165
69 179
47 180
61 188
52 194
68 197
92 225
55 226
15 238
26 245
5 246
57 250
11 263
69 271
33 295
34 298
27
85 2
2 4
47 6
34 15
13 24
62 28
91 48
44 61
15 82
61 87
88 88
78 95
13 98
73 99
78 100
22 104
75 107
87 133
33 142
11 150
55 187
61 188
53 190
76 196
20 206
11 210
49 257
27
67 0
66 7
66 14
67 27
64 43
52 49
5 51
34 54
62 69
11 88
13 91
63 101
42 163
82 167
95 168
99 172
37 179
23 184
62 187
78 196
16 201
21 249
14 251
22 255
1 258
49 286
55 289
21
32 10
63 40
22 66
61 69
3 86
38 90
80 101
31 112
98 117
29 122
59 152
94 165
69 173
44 174
41 215
89 242
65 251
53 261
94 276
44 287
54 292
20
22 46
90 56
2 74
38 76
75 82
32 83
59 91
45 98
10 99
76 119
75 141
42 143
64 185
61 199
35 212
25 240
7 246
76 260
20 287
36 294
22
70 23
45 30
8 49
52 51
76 75
86 77
24 87
69 95
40 114
86 119
3 129
100 132
97 163
98 164
9 168
42 202
68 240
14 241
92 262
71 265
9 273
59 289
22
4 11
5 12
74 24
61 27
99 33
11 41
28 48
90 78
16 98
74 119
92 127
23 132
12 145
43 153
16 155
56 164
64 199
98 214
56 218
44 255
65 284
5 292
22
57 2
29 8
84 22
68 28
61 44
64 61
89 62
12 86
26 94
47 104
17 107
12 110
23 122
15 160
26 163
19 188
87 197
99 227
100 256
73 292
38 296
58 298
26
51 2
14 4
75 8
1 9
17 17
88 22
59 71
53 80
27 83
32 86
27 96
3 97
23 113
60 129
27 133
16 154
15 156
11 157
36 183
14 187
19 204
97 245
32 251
55 271
48 284
72 293
24
44 17
23 22
64 55
78 58
99 67
3 69
66 78
34 92
36 108
92 125
16 148
7 151
25 160
82 173
55 177
34 189
31 191
32 220
26 240
62 244
56 254
1 255
61 258
60 266
22
32 0
64 4
19 21
88 23
69 42
39 49
51 51
60 56
8 70
94 75
17 86
12 88
61 118
3 127
74 215
71 248
95 252
11 253
25 255
51 269
33 276
12 289
23
71 3
82 12
79 14
62 16
20 68
58 73
10 74
41 80
22 113
18 118
33 176
29 189
68 195
67 253
19 255
9 256
60 260
33 263
47 277
28 281
52 289
62 296
59 299
24
23 37
23 39
1 56
61 78
74 86
90 87
89 99
98 105
26 109
43 112
34 116
53 122
99 131
86 133
89 148
69 180
28 183
42 193
41 223
79 224
60 244
100 257
29 269
44 282
24
44 19
98 24
89 34
89 45
24 59
32 65
41 67
39 70
27 83
93 84
16 112
19 120
20 143
64 146
29 153
9 170
97 178
90 195
7 205
26 213
89 215
72 240
48 249
18 275
27
13 21
41 22
95 45
76 68
28 74
27 81
32 84
29 87
83 97
11 115
70 117
79 119
58 129
8 142
38 151
11 153
1 157
97 179
8 181
2 185
21 217
15 230
34 240
86 255
51 276
37 288
38 289
28
24 3
74 6
53 8
95 18
51 24
91 25
57 39
45 62
10 64
94 65
76 89
75 93
53 101
78 104
25 110
7 119
34 131
48 135
21 150
61 163
75 168
97 179
44 208
64 221
11 232
38 246
91 295
66 297
16
84 0
78 16
11 28
71 62
45 69
17 80
29 90
79 92
24 96
54 135
57 141
32 166
26 186
84 211
56 271
21 288
24
67 8
18 20
66 29
33 32
34 33
95 36
29 46
12 51
2 52
33 75
57 113
29 134
79 139
45 170
41 172
29 177
81 183
100 204
43 222
40 260
55 275
76 282
31 292
98 299
25
40 7
59 8
90 21
70 30
24 37
36 42
24 49
36 62
52 67
32 120
11 141
33 151
21 156
56 161
9 164
64 174
62 184
13 196
26 202
43 203
92 221
62 234
29 248
2 262
17 299
39
14 6
86 13
98 23
39 48
22 56
21 60
56 68
73 69
26 70
69 73
71 91
81 99
57 104
27 130
30 133
31 135
11 144
20 148
96 152
10 154
81 156
77 158
58 162
31 184
27 202
83 206
8 208
20 231
91 237
68 242
97 245
42 248
29 250
63 261
40 262
46 268
23 279
12 294
7 299
26
77 0
98 19
5 25
35 53
98 73
70 88
30 93
77 99
95 115
97 118
9 125
85 135
80 136
69 168
10 174
3 182
11 194
3 195
33 213
20 219
8 225
96 227
15 231
47 241
97 282
43 287
19
34 17
99 22
79 43
8 69
71 82
59 94
62 127
21 129
79 160
50 183
87 203
76 229
55 234
82 242
60 255
25 256
2 275
26 282
72 296
24
22 17
87 30
58 41
14 49
66 76
19 87
76 91
67 100
32 120
52 139
63 143
60 155
55 167
99 170
67 193
19 199
60 209
79 211
88 214
70 239
20 245
61 265
71 283
41 288
27
30 6
10 8
23 19
50 28
91 47
23 52
90 85
34 91
87 126
50 133
62 142
42 150
22 155
50 161
12 182
31 235
39 257
14 260
53 262
56 265
29 267
85 278
64 280
49 281
43 289
44 292
63 298
18
44 23
2 46
45 53
96 78
99 80
9 89
25 93
69 118
90 126
3 127
96 146
49 164
88 167
38 203
21 250
76 254
65 265
12 287
20
38 4
96 24
17 57
50 77
65 84
85 108
56 124
2 128
31 151
21 170
89 176
21 181
49 199
28 202
21 203
68 212
25 213
58 218
75 243
79 276
19
47 20
33 26
92 27
78 28
55 67
39 81
64 111
95 114
8 118
32 150
42 194
89 239
38 247
47 252
67 260
88 264
93 270
58 297
1 298
21
41 1
31 11
88 14
41 33
22 62
68 68
94 83
91 88
76 90
53 101
39 107
7 113
1 151
76 166
20 187
50 193
49 218
46 223
91 233
42 262
24 280
28
93 5
43 10
80 13
27 14
9 23
77 25
19 35
59 43
52 75
39 78
14 98
44 103
12 109
40 111
83 112
95 133
47 142
58 143
65 161
76 202
66 216
33 228
17 239
84 242
100 268
40 276
69 284
14 299
26
36 9
40 17
42 19
69 22
7 30
73 40
68 49
97 64
30 92
94 93
16 96
85 103
90 110
66 144
28 156
73 174
9 192
17 196
47 209
30 213
14 219
67 220
85 256
67 265
56 271
27 292
24
85 24
23 66
13 79
42 84
91 89
64 99
24 126
100 127
82 129
32 145
43 152
71 163
15 169
49 173
51 202
31 205
8 224
43 226
55 235
36 247
88 269
22 287
10 292
52 296
19
99 7
94 21
8 88
19 116
38 140
28 144
56 145
26 146
55 157
5 174
7 189
29 194
54 197
52 213
99 219
53 240
58 243
88 279
67 284
19
13 11
51 20
8 22
95 25
67 35
88 51
83 53
11 66
81 89
47 105
76 123
79 126
3 136
67 158
19 184
33 203
59 213
73 246
59 287
26
60 11
55 16
50 17
64 39
98 48
47 103
96 108
64 111
48 116
37 118
90 164
8 165
24 176
11 197
80 205
93 226
77 238
53 242
69 251
92 254
48 267
61 271
69 274
11 276
86 289
53 298
30
39 9
79 11
20 43
4 57
29 66
6 72
27 73
35 75
15 84
6 100
50 103
52 111
5 114
94 118
100 119
64 136
49 148
49 154
25 157
85 170
60 181
67 189
5 190
99 219
70 228
31 235
84 254
37 257
81 274
72 278
28
31 1
97 3
95 15
71 18
93 28
40 35
8 48
88 67
6 79
80 80
5 87
34 105
57 112
11 120
1 125
11 140
69 151
97 154
90 186
61 194
22 225
58 239
24 266
54 274
74 281
79 282
61 286
55 291
26
86 9
51 18
50 23
60 32
64 44
65 46
35 54
6 79
74 95
56 96
81 103
40 127
51 135
60 139
56 171
98 185
39 198
15 215
33 224
70 245
33 266
58 267
35 268
1 280
24 287
34 288
20
27 2
58 6
38 23
89 51
47 77
31 97
25 99
34 102
35 104
96 109
43 117
63 130
83 150
27 157
100 176
14 204
19 238
50 249
11 256
27 278
21
58 0
9 13
96 37
53 73
58 94
39 101
59 109
50 113
45 134
46 143
81 158
91 161
28 163
51 174
4 178
31 194
85 212
63 214
36 235
45 246
77 295
24
6 19
22 87
5 92
44 99
21 101
31 106
46 107
97 109
79 116
31 124
65 134
58 141
18 143
72 146
64 147
20 230
71 232
90 244
38 254
29 266
99 269
25 281
92 287
9 298
29
91 3
30 26
21 32
97 34
81 57
18 58
68 74
17 77
18 79
28 88
5 120
40 129
99 144
85 151
4 157
76 161
61 169
83 173
22 175
51 216
6 236
80 240
10 247
23 252
82 266
48 275
68 286
59 290
89 296
17
89 18
15 88
100 121
12 127
56 138
68 148
51 156
86 167
9 179
92 188
95 189
100 213
15 216
67 246
39 266
45 271
10 272
32
19 5
64 13
98 18
76 27
23 30
49 31
23 57
17 68
74 72
99 90
8 102
77 117
58 118
76 131
20 137
86 157
87 159
97 176
50 188
77 211
3 225
46 227
44 232
65 235
63 251
22 253
33 260
15 266
9 270
3 279
17 287
80 295
23
74 18
7 35
64 50
100 65
70 76
33 114
42 135
78 165
77 171
48 184
17 189
27 192
24 200
62 204
15 221
88 237
99 244
21 247
60 249
21 260
100 270
75 275
34 298
18
79 9
6 14
27 57
4 61
26 71
20 88
5 92
69 99
28 108
61 109
88 121
95 122
78 184
49 210
2 226
58 230
41 273
73 294
31
66 3
65 10
4 23
42 28
84 49
78 50
53 60
4 68
1 77
10 79
33 87
93 103
64 105
60 115
88 120
8 140
7 147
46 159
23 166
38 168
88 204
94 217
21 229
86 230
54 236
89 246
4 253
18 268
100 273
68 290
29 298
28
71 0
3 2
67 14
73 15
29 29
34 41
1 49
28 57
12 59
87 61
87 62
2 65
30 89
33 94
17 119
71 121
87 124
93 128
53 148
94 154
43 160
93 197
39 235
85 238
24 249
2 258
6 264
67 280
21
47 20
43 22
84 35
53 38
98 39
94 42
39 52
78 62
45 94
1 118
81 134
49 141
42 142
57 161
36 189
75 200
33 203
28 271
31 276
16 277
21 280
27
51 17
22 18
51 22
5 39
51 44
14 62
72 72
29 73
39 105
38 108
96 124
28 132
39 141
55 155
9 185
52 212
40 222
58 223
61 229
28 240
40 249
39 263
14 265
98 267
32 279
94 287
87 298
20
56 30
81 43
2 79
62 81
51 82
98 98
28 124
43 128
31 130
32 141
14 144
97 150
41 160
35 215
71 227
27 239
20 240
11 259
97 264
50 289
14
86 24
31 28
79 59
6 84
72 123
25 131
29 147
44 196
86 210
84 211
2 253
28 276
24 283
79 299
23
12 11
71 14
36 23
100 26
30 34
52 36
64 42
89 45
61 55
70 130
44 146
14 169
16 174
20 199
81 212
97 223
31 226
68 243
59 259
47 262
98 267
18 278
90 285
20
72 12
65 24
2 30
15 34
51 51
7 57
86 109
88 113
97 129
51 147
75 152
93 177
96 181
23 185
37 187
100 193
70 212
39 220
61 250
56 255
22
15 49
9 50
95 71
90 113
24 118
95 132
52 156
95 158
70 163
64 173
61 177
65 184
85 185
10 187
14 201
95 206
61 229
62 246
74 268
24 272
80 281
62 283
26
24 22
40 26
99 59
12 60
40 82
66 86
52 92
36 122
20 141
93 144
43 155
83 157
88 171
60 177
35 192
3 198
29 202
87 229
89 241
63 244
3 260
38 277
46 283
94 284
43 285
73 290
26
79 3
17 66
25 79
40 91
94 93
50 97
23 104
58 111
70 122
95 123
36 129
60 138
1 143
19 144
14 160
92 177
69 203
70 215
75 223
20 236
49 238
1 239
26 248
18 253
95 263
1 272
22
25 14
4 24
66 44
61 54
36 72
71 73
89 90
63 101
28 107
34 122
52 130
37 144
44 159
95 186
74 187
25 191
42 214
35 261
41 282
11 288
57 291
97 294
31
16 1
47 14
44 21
70 24
74 32
88 36
83 40
89 53
5 74
69 80
48 81
6 82
96 83
56 116
25 121
16 135
50 138
20 155
11 167
2 169
21 176
82 190
15 193
71 210
32 216
72 218
19 221
4 222
82 234
62 249
47 254
16
68 11
3 30
54 52
69 55
24 62
74 112
16 129
46 139
31 171
60 181
11 238
35 249
20 257
13 264
37 285
31 291
26
42 9
92 11
28 14
61 17
96 41
11 46
90 48
69 60
46 81
27 104
28 110
7 150
94 154
73 155
12 208
36 224
85 233
1 234
83 239
72 249
62 272
65 275
14 287
56 290
19 292
87 299
28
55 0
40 6
71 16
55 22
73 44
50 86
52 99
1 109
32 110
22 112
91 113
97 126
30 135
3 137
89 159
96 170
93 180
24 195
50 196
10 220
4 243
42 254
20 260
63 280
60 284
55 286
93 287
35 296
32
50 16
84 36
94 37
63 53
79 54
53 69
75 84
49 101
36 105
81 106
6 111
93 119
71 120
84 139
26 147
91 149
59 184
23 189
30 195
30 203
27 205
72 208
58 220
82 223
44 227
19 229
23 231
63 239
93 244
37 249
73 285
53 292
28
32 26
53 40
21 74
61 75
33 87
89 91
30 93
33 97
64 98
10 106
32 147
74 152
26 153
27 156
10 157
51 205
95 207
52 240
46 248
43 249
24 259
100 261
57 265
59 269
51 273
92 278
83 291
30 298
30
34 10
37 41
71 50
40 55
18 64
49 81
96 85
88 98
48 105
10 129
57 133
1 158
94 163
95 164
71 185
76 189
82 202
69 214
10 216
68 219
50 231
16 235
36 245
47 262
43 264
57 271
16 274
79 284
82 290
91 299
17
6 4
26 42
46 66
13 76
85 116
38 126
3 134
18 148
70 153
28 159
9 164
13 181
93 214
22 215
49 244
94 283
94 291
28
79 2
92 3
26 5
84 18
67 23
89 29
49 41
39 49
9 53
73 63
16 82
49 84
5 101
50 157
76 167
21 187
87 202
56 209
7 213
58 250
20 259
99 273
76 274
34 283
12 284
63 290
45 293
53 297
16
45 9
5 11
1 42
39 59
51 89
64 116
47 150
58 173
97 184
54 188
88 195
74 212
49 218
31 270
8 273
18 280
25
68 13
84 32
20 56
66 57
37 61
85 64
83 66
96 71
100 88
65 89
11 91
55 103
42 132
53 147
31 194
26 202
74 216
60 220
8 225
59 228
27 236
21 250
40 254
62 266
53 268
21
98 14
13 21
14 28
89 62
76 74
37 84
68 110
87 136
85 157
13 169
50 177
14 185
24 194
21 203
20 205
10 211
61 212
82 253
9 276
88 285
31 295
28
73 9
92 14
13 30
41 42
82 46
56 69
42 77
6 78
30 80
84 83
78 92
69 125
32 157
70 162
73 179
65 194
75 213
52 222
41 226
37 233
73 241
78 251
91 259
30 267
36 273
35 277
49 294
78 298
33
50 8
8 18
76 19
55 20
57 30
42 36
24 45
63 51
61 58
28 65
20 76
74 79
38 87
31 104
13 109
51 116
66 122
12 133
85 136
79 155
99 157
67 162
41 163
29 166
68 171
22 176
99 217
22 236
54 243
64 246
75 250
37 285
79 288
24
92 12
6 15
56 18
11 30
90 37
52 53
98 61
53 62
47 68
79 71
63 89
32 92
75 95
62 99
38 109
89 115
56 120
94 162
32 175
76 206
30 219
90 230
13 254
27 285
26
37 7
13 19
46 32
23 36
70 47
85 56
27 84
37 95
45 107
90 128
70 134
21 158
97 161
76 162
61 196
56 209
19 232
41 237
53 246
47 251
65 253
45 258
34 262
79 275
40 293
81 296
21
97 10
16 11
83 25
12 26
46 76
14 105
42 108
74 115
3 134
42 136
29 163
90 192
68 193
71 198
75 223
3 242
20 257
49 262
19 264
91 277
63 297
25
51 19
98 34
10 39
24 67
29 80
58 103
11 105
23 106
20 120
39 131
43 141
66 142
36 160
43 174
37 189
63 194
57 207
8 219
78 230
38 236
54 237
3 249
12 274
17 295
61 298
21
93 2
10 10
85 23
66 32
83 59
80 64
12 93
17 137
18 142
61 143
41 145
9 150
7 172
86 176
47 198
39 214
61 252
26 264
39 283
31 291
7 294
23
77 18
55 37
9 40
31 50
31 53
65 78
8 80
55 93
42 94
96 108
6 111
56 112
66 132
100 173
9 185
42 198
18 215
47 248
24 250
33 268
5 278
96 288
89 297
25
51 27
67 29
14 34
59 57
2 81
92 86
25 89
67 102
85 109
32 122
36 124
40 130
76 142
31 143
37 169
58 181
5 196
29 218
42 241
14 243
9 252
94 259
28 269
77 284
62 299
22
41 0
32 8
60 14
96 19
64 28
60 33
90 60
50 68
73 84
64 110
40 113
69 120
93 139
85 148
50 151
60 161
34 163
33 168
12 185
35 199
31 202
37 271
36
97 9
24 11
7 12
27 14
1 18
56 27
8 35
69 50
66 55
82 71
28 80
54 84
53 86
32 89
7 97
96 104
9 118
1 124
15 137
89 152
10 155
46 163
82 166
83 172
56 186
91 195
42 196
74 206
78 208
23 215
3 247
53 259
35 262
100 275
77 281
100 289
14
35 11
69 14
9 30
66 45
48 82
23 97
7 124
18 133
13 184
34 219
14 256
23 265
28 274
10 289
26
33 10
33 32
6 68
11 79
38 89
91 92
44 96
80 110
10 115
46 122
6 127
63 156
69 166
65 172
21 181
30 186
36 193
91 202
84 216
43 230
72 257
58 263
95 274
18 277
52 290
99 297
21
73 5
60 18
63 20
13 33
24 34
4 44
65 45
67 74
42 82
78 134
37 135
19 138
53 163
49 177
8 180
13 189
31 198
14 210
15 236
83 260
98 299
23
1 2
42 36
49 38
31 46
68 61
23 70
46 82
51 99
16 105
55 127
62 136
88 137
37 153
70 166
87 170
72 179
2 218
91 231
2 239
33 269
47 281
99 288
74 296
20
41 0
36 11
67 23
20 24
33 32
47 46
75 51
37 64
50 77
3 92
25 110
79 116
30 124
30 202
86 223
41 224
1 227
77 231
16 235
94 293
28
76 0
70 11
89 14
10 31
69 32
26 44
56 51
87 56
7 62
68 63
2 69
59 81
30 111
80 136
58 146
29 161
16 166
13 178
10 188
75 201
100 202
50 203
20 230
3 239
74 249
1 279
49 280
91 296
27
55 11
34 16
46 30
21 34
1 51
8 65
50 67
26 78
95 85
89 89
100 112
86 113
32 132
30 141
52 150
84 159
20 178
91 190
42 196
33 206
12 216
59 227
4 228
96 231
68 289
68 296
60 299
38
44 0
88 4
85 10
34 25
38 41
61 42
13 55
97 72
41 78
37 90
75 92
8 97
94 100
15 101
50 106
46 117
16 131
30 153
61 172
91 173
4 185
91 197
78 204
25 212
84 216
44 220
75 231
84 234
59 236
17 246
95 249
70 250
29 256
45 272
39 273
13 279
51 288
47 292
24
4 4
67 48
26 53
39 56
21 57
79 85
47 88
88 92
40 110
1 129
29 135
33 163
91 175
39 180
87 195
10 210
73 231
81 236
33 242
75 244
43 250
2 262
36 294
28 295
23
40 1
13 36
20 38
5 44
24 56
94 59
15 74
18 77
63 98
57 106
64 116
80 125
66 129
42 135
15 143
87 150
29 167
38 177
79 188
96 207
53 218
36 244
79 271
30
88 5
27 15
85 18
10 19
80 31
98 39
62 40
64 42
11 47
98 51
8 60
25 64
8 68
34 69
31 70
29 73
22 74
2 81
88 86
67 104
30 144
93 161
3 188
82 201
75 219
65 220
81 235
49 261
36 271
69 294
22
96 8
59 28
73 72
14 86
18 93
53 109
98 113
59 131
62 140
65 143
63 179
44 198
14 227
91 242
53 246
78 248
86 272
55 277
73 278
68 281
23 287
44 296
17
90 3
100 9
4 16
73 24
7 34
6 41
50 66
13 90
34 111
7 138
4 142
17 169
54 173
37 177
90 206
88 243
49 247
24
23 3
41 19
87 24
31 25
94 40
66 45
23 67
37 72
72 76
65 108
96 126
25 144
35 184
30 203
28 207
66 209
11 218
24 226
35 228
67 230
57 237
44 239
5 265
52 274
26
75 8
41 17
26 22
22 33
10 34
93 71
94 94
36 110
11 116
76 124
43 129
85 130
13 135
100 149
99 160
7 161
41 200
38 221
10 222
99 225
33 226
76 228
26 264
65 272
95 286
89 299
19
88 9
21 44
59 75
73 87
79 93
67 123
13 137
98 152
62 177
82 179
66 193
79 195
95 201
48 206
48 219
40 231
89 274
65 289
58 296
33
50 5
52 42
86 47
68 66
42 75
99 107
20 109
75 110
100 114
71 123
72 126
31 130
64 133
12 141
34 146
53 150
58 152
98 162
92 169
5 171
66 182
74 184
51 189
62 210
50 241
47 242
25 243
53 244
7 246
40 248
93 251
87 272
32 274
23
64 2
92 6
82 20
63 28
86 45
51 49
7 53
29 55
21 61
21 73
45 82
67 104
68 142
40 169
100 198
62 211
85 247
80 248
57 259
80 276
38 282
23 292
59 294
27
25 1
75 8
59 16
55 31
73 34
55 36
74 67
19 68
28 69
71 96
38 99
95 107
71 115
67 120
68 136
16 156
20 167
18 170
10 189
53 204
91 206
39 230
66 233
49 254
81 260
28 284
36 292
29
62 10
71 26
30 42
65 43
79 51
2 56
84 80
45 111
94 123
12 124
98 142
21 145
69 162
72 163
8 171
37 175
56 177
42 179
23 217
62 220
56 244
68 247
6 253
71 257
15 266
41 267
34 272
82 293
12 295
24
95 4
86 5
16 29
25 32
58 33
82 59
11 61
34 68
25 74
67 82
79 99
7 109
74 126
70 129
41 135
56 144
43 159
95 204
98 246
84 273
18 274
95 287
70 296
63 299
18
3 15
97 30
73 36
19 68
74 76
68 77
68 111
18 114
63 137
21 150
69 197
98 210
53 225
63 237
2 242
99 260
5 261
19 294
27
15 41
28 67
76 81
37 83
12 94
94 106
67 113
45 118
54 120
63 124
79 127
26 130
100 134
23 142
98 143
5 144
7 197
40 201
75 203
39 222
44 236
59 238
28 244
31 248
24 268
28 278
92 299
28
36 8
75 9
65 14
30 17
95 36
9 37
59 44
9 51
71 60
41 106
49 115
93 153
27 158
87 160
86 163
25 164
38 165
33 175
9 197
51 206
68 214
86 215
91 225
37 240
14 254
81 260
29 272
71 284
25
53 1
90 18
71 38
47 44
51 48
48 49
89 59
20 92
15 94
23 95
13 121
88 132
76 134
70 135
39 160
75 163
50 164
31 190
83 215
49 238
52 254
61 262
71 265
90 277
75 294
24
1 20
19 21
51 31
21 32
52 42
10 82
43 85
6 95
78 110
33 171
96 191
39 196
98 204
83 208
37 210
70 212
8 217
89 227
58 261
78 263
100 266
72 278
53 280
68 284
24
70 20
3 23
94 40
23 46
59 48
1 54
42 58
84 98
19 108
40 111
15 112
89 141
44 149
100 153
86 165
39 172
74 185
69 222
37 229
98 243
100 263
29 267
92 281
26 291
24
42 16
100 76
92 94
79 101
80 114
25 127
47 131
26 155
16 166
91 167
76 180
28 189
33 207
37 217
94 224
27 226
48 231
91 235
78 236
64 242
56 259
12 277
62 280
82 283
21
5 10
33 20
16 52
25 69
48 94
91 98
25 102
48 137
40 161
16 174
55 184
66 190
28 222
1 232
81 252
61 254
100 261
34 271
93 277
20 284
10 292
21
59 4
90 11
55 19
16 27
75 45
43 68
90 70
30 82
90 104
43 109
64 113
68 130
45 141
30 161
3 166
52 176
45 200
57 226
36 253
75 275
84 287
20
57 15
89 26
15 47
77 93
66 96
58 113
90 116
85 131
5 157
91 163
3 167
10 171
96 174
68 188
45 209
51 223
31 226
26 256
14 268
9 270
18
83 40
50 66
83 111
45 130
29 142
97 146
88 161
77 168
49 183
87 192
43 202
10 234
70 237
30 240
68 244
61 249
63 273
90 282
26
57 21
10 25
92 34
1 45
63 56
23 66
38 72
76 78
38 80
54 96
20 104
34 105
75 110
76 140
6 152
95 161
62 164
7 177
98 199
34 207
85 218
94 226
38 237
54 250
96 253
70 278
14
7 2
19 13
70 20
89 25
64 32
60 82
85 87
26 94
6 100
80 168
98 188
29 229
87 230
18 236
29
35 8
97 26
39 31
49 33
30 49
18 52
11 53
56 69
23 81
55 90
65 102
15 114
46 118
66 119
2 130
90 158
55 159
18 168
91 196
59 213
64 216
31 220
58 228
11 231
64 235
96 247
10 265
16 292
6 299
29
86 6
81 13
12 25
73 27
15 33
64 37
61 71
2 75
37 81
54 87
68 91
91 95
91 111
7 113
74 149
92 176
47 182
27 184
14 185
65 193
26 206
17 212
57 218
23 231
48 240
64 243
99 252
5 263
50 271
22
50 2
37 20
41 25
91 27
48 36
60 43
45 67
16 83
57 92
46 105
23 117
45 122
36 123
95 136
8 141
47 152
90 190
37 217
47 228
74 239
70 251
57 299
24
100 36
78 37
68 43
14 47
19 55
80 89
67 104
61 117
31 119
61 145
43 168
26 175
9 204
5 215
15 220
11 223
19 225
14 228
13 235
13 250
71 262
42 276
55 286
58 290
24
22 11
26 19
60 43
55 50
19 55
61 74
76 80
54 81
64 85
88 95
18 119
78 129
89 131
27 154
77 157
79 168
25 173
98 213
58 217
3 246
2 250
55 279
54 288
22 299
22
24 5
8 12
22 32
85 33
3 36
3 41
74 45
17 71
6 132
80 139
78 145
48 172
68 177
84 190
10 199
91 209
95 218
84 224
2 242
28 248
80 265
87 267
33
31 28
23 43
97 67
59 72
29 77
14 87
99 91
65 111
41 113
67 116
24 120
85 138
71 139
35 144
89 168
9 177
45 179
21 188
96 209
35 224
29 227
36 229
8 239
31 243
18 245
32 247
57 260
29 262
37 268
76 273
25 288
63 294
37 295
26
73 0
5 49
93 62
85 64
8 73
63 78
74 130
4 144
96 164
41 171
13 185
88 189
46 194
20 206
73 212
98 217
6 227
32 228
96 230
31 242
1 253
97 254
95 263
54 285
50 289
18 291
24
66 7
88 10
3 23
62 27
61 69
24 82
30 88
77 100
77 105
13 110
73 123
22 144
60 156
78 159
14 168
15 184
61 185
62 189
33 214
66 258
68 266
80 271
41 281
17 289
23
95 0
22 12
3 26
65 28
21 38
3 45
99 47
84 66
38 78
9 92
41 103
74 108
37 124
9 155
33 166
49 191
95 194
59 196
58 211
71 232
83 235
12 251
22 289
34
23 1
58 5
3 17
68 23
24 37
23 52
78 56
31 57
67 67
48 71
64 81
4 107
97 120
45 121
95 122
57 144
37 147
9 149
94 167
88 172
58 181
55 186
100 190
84 194
10 195
43 198
79 203
63 238
100 240
41 250
82 251
87 277
76 283
67 295
29
87 6
64 10
36 15
83 16
80 18
6 19
84 24
35 29
52 34
94 48
99 64
93 78
78 96
96 97
82 103
9 116
21 132
10 146
1 160
56 161
84 209
50 229
23 235
34 238
20 249
3 250
14 257
75 267
83 283
20
72 4
38 10
69 16
48 39
64 55
26 65
77 85
14 91
99 135
79 160
76 177
29 178
57 180
94 195
58 218
98 239
100 250
80 268
4 269
62 291
25
44 4
22 7
30 10
81 15
51 58
48 75
12 82
9 120
82 122
14 125
32 133
60 143
43 145
86 150
78 170
81 173
65 193
62 204
56 210
36 223
28 242
51 263
100 274
68 290
33 293
21
30 3
91 7
22 64
52 73
98 75
63 90
71 114
82 119
17 134
68 139
16 143
34 158
13 178
32 210
10 227
36 235
81 237
47 243
52 274
79 291
60 299
23
85 1
56 14
37 18
6 39
37 40
61 67
43 93
4 111
89 114
31 126
9 127
35 145
52 151
80 163
72 186
82 198
25 203
7 221
93 227
22 234
26 259
81 280
89 285
27
49 18
99 24
61 38
78 41
60 44
68 61
81 75
30 78
30 86
16 88
76 99
64 112
81 125
58 145
60 154
33 161
64 182
36 195
60 199
3 206
87 216
100 225
81 242
33 252
68 266
12 279
66 299
28
46 3
75 6
96 20
72 21
35 30
75 46
60 54
61 67
28 73
20 92
94 97
81 103
84 112
68 116
90 123
99 132
27 137
63 162
53 172
61 186
58 188
89 208
40 213
70 228
23 232
4 245
71 255
30 276
17
53 19
63 63
3 97
81 98
56 104
43 166
10 170
91 193
41 223
92 238
7 252
69 255
53 257
9 277
77 289
15 291
11 296
27
12 9
99 28
27 37
26 40
18 56
36 62
57 70
24 76
8 81
28 86
59 88
13 103
72 111
75 113
73 125
79 140
83 151
21 153
32 169
64 183
3 212
4 213
75 227
85 228
9 256
84 266
62 275
27
2 5
28 12
52 14
34 16
4 26
53 30
55 41
41 43
39 52
14 58
18 75
25 119
86 122
71 125
53 129
77 148
95 150
59 153
1 160
85 201
6 248
81 251
10 255
85 257
78 261
22 265
31 293
18
41 20
48 24
20 54
33 60
60 61
63 77
95 105
36 107
36 123
43 124
3 129
65 171
54 189
60 207
82 216
35 217
22 225
2 227
23
23 25
94 28
62 36
44 54
89 56
58 67
31 87
42 96
53 99
90 105
63 132
84 147
80 167
55 173
42 190
38 228
32 240
6 241
56 252
15 255
54 281
55 297
96 299
25
44 15
85 16
51 21
29 35
46 37
41 42
88 52
12 61
73 91
25 109
88 112
51 117
68 124
35 138
86 155
61 159
30 173
30 204
39 205
66 233
88 245
27 256
79 257
60 285
48 296
24
49 14
84 18
42 22
82 25
16 28
71 49
65 76
59 83
36 91
96 108
74 117
32 118
27 172
66 177
26 184
17 186
38 200
90 226
61 243
24 244
21 248
62 256
17 264
90 287
28
85 3
38 12
86 24
99 33
11 76
25 106
96 150
19 153
62 154
76 162
81 168
86 172
71 173
66 174
17 183
12 190
43 191
42 207
20 212
36 232
79 237
83 255
53 271
29 278
28 294
47 296
32 297
25 298
23
15 29
49 35
41 40
17 42
83 67
37 71
71 85
93 139
5 195
33 207
69 212
59 213
75 220
33 231
23 245
34 248
40 250
30 251
95 258
94 271
93 272
30 277
19 282
18
68 65
8 81
75 83
27 84
96 121
34 136
96 165
8 167
72 193
39 213
68 219
23 225
33 261
75 263
37 275
46 288
59 293
1 297
18
29 2
12 27
36 30
75 43
44 44
98 48
34 61
27 91
55 110
60 115
54 180
20 187
6 196
51 211
47 242
78 257
84 264
5 294
16
27 3
29 21
47 29
93 45
80 46
14 79
15 105
46 124
21 127
57 139
37 164
70 186
25 220
46 242
43 263
13 294
23
55 1
77 5
21 12
48 15
5 25
31 36
64 37
9 48
51 52
51 76
33 80
72 89
30 97
93 104
75 132
61 153
24 166
89 170
99 247
98 255
95 287
37 291
41 298
24
40 0
91 4
12 8
14 55
51 76
69 81
28 83
92 113
59 120
10 135
15 136
46 151
97 165
37 173
99 182
20 192
19 238
65 240
11 249
93 250
53 256
24 272
100 282
52 294
20
18 1
38 15
47 19
84 53
17 63
93 78
4 103
24 115
39 132
26 159
47 163
68 193
18 241
8 242
34 246
14 257
73 270
13 280
22 290
80 291
25
1 6
27 7
37 22
7 24
94 25
12 40
45 61
6 70
62 72
37 97
86 126
48 130
70 136
2 149
36 156
80 160
65 175
39 209
17 215
10 221
89 227
94 242
81 263
20 274
27 294
31
29 0
63 3
15 4
22 25
48 28
85 39
76 51
11 62
24 83
1 88
78 95
16 99
3 104
41 105
66 125
77 143
27 157
16 165
64 166
29 170
91 200
34 212
45 217
38 224
13 244
41 251
36 254
27 273
35 276
72 279
4 298
24
91 0
97 3
91 7
65 10
2 26
35 40
47 64
32 66
30 94
5 105
8 110
69 124
26 138
83 143
26 144
72 145
66 158
18 181
21 183
34 187
99 227
16 228
95 242
53 272
23
80 7
41 20
84 23
75 58
43 72
70 75
64 92
7 94
76 102
13 119
39 124
65 132
18 140
9 164
68 165
12 172
81 202
75 204
9 208
27 235
25 236
17 241
38 279
23
16 46
14 68
62 69
62 90
44 122
33 138
39 144
56 155
45 170
51 172
16 175
76 219
24 226
78 233
96 244
81 255
45 258
57 263
97 270
89 283
71 296
27 297
59 299
21
82 6
98 12
65 29
59 39
45 64
77 72
80 75
20 85
78 100
93 121
31 125
79 134
39 186
52 195
59 231
93 240
38 252
95 262
31 264
47 274
95 290
24
75 2
84 6
94 26
49 53
40 57
33 78
65 81
33 87
64 89
15 92
40 95
54 99
38 100
20 105
82 115
25 172
47 187
6 189
83 200
75 201
87 241
6 244
72 285
15 286
26
21 35
72 37
76 41
67 55
23 66
38 71
20 80
10 81
64 82
12 86
2 106
27 125
50 140
24 181
30 182
33 202
14 223
64 224
69 228
51 252
84 265
92 268
33 278
18 279
43 286
49 292
300
24
95 7
26 9
81 11
88 13
47 22
41 27
100 44
41 73
50 128
17 129
24 134
69 137
63 148
92 179
44 196
43 203
22 228
28 231
24 252
66 259
72 276
66 280
75 286
18 288
