300
300
7
9 21
87 23
25 42
97 79
32 86
39 168
79 220
9
42 57
69 58
53 116
62 128
5 133
100 138
49 177
67 196
71 292
7
55 12
36 17
9 46
11 100
85 104
7 158
79 279
14
37 3
11 15
62 21
100 26
68 66
93 83
86 85
30 94
13 143
11 168
60 174
40 222
68 244
47 299
7
79 8
15 28
79 131
95 132
36 176
26 181
30 268
11
46 3
39 25
15 32
54 42
4 56
41 58
63 132
42 148
56 162
15 201
27 249
5
50 50
53 185
41 209
9 258
87 270
19
61 35
24 87
10 89
65 90
90 96
84 105
81 124
67 129
58 140
38 168
32 190
51 191
5 233
51 249
70 257
23 264
7 270
88 292
45 295
3
70 14
85 169
90 274
10
53 8
38 55
3 116
38 123
89 132
10 203
79 204
46 241
62 293
7 295
11
14 2
92 91
19 119
91 159
79 192
43 195
1 216
86 228
76 244
83 291
11 295
12
34 18
37 61
25 62
47 95
61 105
72 137
85 192
40 235
69 253
64 257
24 259
76 268
14
28 12
76 17
76 75
79 118
58 132
56 144
57 162
85 178
71 198
50 202
47 218
70 227
59 232
49 248
7
39 25
86 36
59 45
11 102
61 162
8 277
7 284
7
32 9
67 78
46 118
94 166
7 196
20 284
48 285
11
43 67
15 103
85 119
6 125
59 130
67 146
100 198
51 237
8 249
36 267
2 294
7
83 37
13 51
54 84
92 115
55 161
28 258
6 269
7
35 19
25 54
31 74
53 94
58 139
56 166
93 210
7
96 127
87 173
63 180
10 188
23 212
74 270
8 295
9
33 32
25 43
32 59
24 60
77 143
5 151
75 204
77 236
49 277
12
63 44
16 75
36 112
62 116
38 156
12 202
30 204
63 228
82 231
8 235
71 240
86 254
6
65 4
7 8
71 55
10 194
20 212
24 278
5
22 102
66 135
11 243
30 275
48 276
7
31 35
94 161
89 198
27 224
57 230
5 242
73 268
5
20 63
51 152
19 163
21 240
30 266
10
2 11
59 82
8 91
35 105
47 112
83 125
79 130
3 160
69 171
13 177
11
43 5
87 34
17 48
10 60
92 140
48 159
76 202
40 209
55 246
47 278
87 287
10
62 18
64 23
67 32
34 81
63 112
89 186
57 215
14 228
97 252
76 263
4
9 102
44 149
52 226
79 278
7
4 15
83 103
90 144
62 146
93 219
65 242
83 259
4
13 78
81 108
85 185
59 221
9
92 18
30 20
88 83
24 97
100 146
16 165
94 177
59 179
30 210
16
7 3
26 31
97 53
10 78
52 82
26 83
79 100
56 126
4 127
52 130
69 145
73 172
22 173
75 179
32 254
67 287
7
13 59
60 164
68 191
2 234
26 269
25 277
79 287
10
73 26
17 46
83 52
87 125
55 155
1 159
97 174
67 198
12 231
55 278
11
35 84
74 107
61 108
68 159
16 161
17 163
8 169
34 189
53 194
91 219
70 275
13
11 14
77 111
8 127
69 146
56 164
73 192
69 213
91 225
72 233
89 244
7 252
85 253
27 277
8
8 48
92 130
77 158
28 160
100 229
3 231
82 243
7 256
8
95 63
73 76
24 104
11 203
84 214
53 219
89 233
72 287
6
73 78
11 89
62 106
74 107
29 168
71 208
5
97 18
40 20
21 51
1 143
48 240
8
34 27
8 44
30 61
70 99
94 148
100 197
67 256
53 289
10
95 50
79 117
24 138
69 140
40 201
66 205
6 228
50 246
82 251
28 265
4
15 51
71 70
61 227
72 268
8
17 37
44 45
99 91
51 106
76 160
29 203
72 256
35 284
7
73 15
49 28
30 81
9 110
27 154
2 273
84 277
9
7 44
31 58
9 106
72 108
16 120
100 163
74 195
30 237
22 260
4
18 29
51 68
31 117
63 136
13
86 32
4 57
42 66
20 99
77 125
41 179
49 198
88 202
93 218
58 240
79 255
65 266
9 287
9
30 15
7 22
80 24
100 95
43 121
12 126
25 227
97 257
55 282
7
94 47
68 121
19 207
79 224
55 261
92 267
34 297
14
18 7
9 21
73 26
75 52
31 76
18 123
20 146
6 160
14 170
25 201
9 244
2 249
17 263
58 264
10
22 7
44 44
86 68
28 117
74 146
36 176
44 249
13 255
54 280
38 290
9
15 21
94 40
25 115
73 170
59 174
54 210
71 213
7 223
46 247
8
89 19
30 35
69 45
14 50
43 171
93 194
52 249
56 251
6
60 10
36 32
6 40
57 134
20 258
3 264
9
76 10
23 35
85 111
50 167
21 194
90 207
90 212
21 227
90 268
12
5 4
98 36
57 44
15 124
51 127
82 147
55 206
38 208
19 224
76 225
71 280
88 284
7
7 6
87 16
35 64
49 73
75 79
29 135
37 267
9
30 33
16 80
31 112
11 122
88 203
50 204
66 230
15 284
86 299
8
39 6
19 89
41 97
27 121
1 127
20 128
91 130
49 262
14
37 5
15 17
62 44
65 99
38 122
91 174
44 184
78 213
97 219
93 222
65 237
19 238
10 296
48 298
17
30 1
50 4
31 6
13 12
74 26
92 28
45 54
4 123
67 144
99 166
36 186
79 189
9 190
26 219
12 236
57 244
13 259
11
83 17
99 30
35 83
72 126
72 146
35 147
40 151
74 186
86 195
77 222
76 256
9
55 6
53 15
30 58
15 68
40 118
3 158
90 213
59 235
13 242
9
80 12
55 16
65 52
91 54
19 66
61 106
53 111
93 189
65 213
7
16 12
48 26
99 92
39 93
49 103
51 236
11 268
5
66 4
33 12
92 86
42 169
98 247
10
81 28
80 116
82 132
90 136
72 207
87 231
76 234
65 274
12 275
1 289
6
51 17
92 34
15 44
80 234
100 260
82 283
7
95 56
62 78
79 96
55 210
80 264
12 286
46 296
10
81 2
76 122
94 131
41 156
54 173
46 248
72 253
87 291
26 293
29 294
9
72 15
4 24
7 90
4 101
100 156
75 180
34 190
94 221
12 256
5
7 5
76 109
73 149
100 189
66 262
12
55 1
82 3
53 41
8 67
79 70
27 109
34 110
38 117
65 138
87 254
48 262
6 278
9
31 92
36 142
19 186
62 189
83 193
89 217
71 226
12 229
68 264
11
68 16
81 51
62 103
87 121
11 123
60 163
95 178
50 188
36 218
70 250
15 274
6
9 43
81 51
14 63
73 65
100 232
99 241
6
19 49
90 96
41 120
94 124
12 166
52 192
9
89 13
68 21
52 36
2 50
54 210
76 218
58 226
73 242
3 243
8
82 33
9 40
54 109
13 167
32 184
3 192
16 278
80 288
8
83 81
18 102
78 108
87 126
77 195
56 200
81 237
25 245
6
96 101
100 117
69 126
43 196
57 227
81 260
8
88 77
61 85
84 87
3 92
49 100
35 186
20 194
88 272
11
63 22
26 25
54 62
40 80
82 120
80 151
42 191
52 192
27 234
86 246
91 293
5
65 13
7 121
67 129
72 222
37 246
10
69 13
76 62
98 64
31 131
70 227
87 254
8 255
23 263
13 267
25 276
7
49 64
25 171
59 258
34 280
5 286
9 291
72 296
7
78 83
29 108
72 161
69 184
3 189
60 237
53 296
13
75 27
56 43
46 45
68 51
68 58
45 108
29 171
48 175
50 242
67 243
91 251
54 282
44 296
7
34 61
92 74
86 241
92 256
60 272
73 276
73 278
6
70 49
36 81
10 122
56 162
40 222
46 238
12
83 35
25 38
77 40
77 55
16 71
82 102
72 140
5 163
31 216
9 219
78 225
86 293
15
37 31
45 37
47 64
72 91
45 92
79 94
70 96
44 158
66 183
32 226
60 236
16 251
81 256
57 260
55 270
13
64 56
89 59
1 96
73 113
37 132
40 137
20 155
25 177
15 190
37 235
90 263
8 279
35 284
5
55 31
14 79
50 178
10 279
31 287
9
43 17
20 61
3 98
60 105
9 112
57 148
7 158
12 187
100 273
10
14 63
37 80
4 119
71 136
91 150
55 188
60 210
77 215
36 238
18 290
6
60 150
80 173
75 189
15 191
41 232
35 250
9
57 90
12 123
22 149
23 157
19 204
75 214
58 239
27 276
81 287
12
71 2
93 42
59 67
99 95
14 179
26 195
98 198
39 223
2 244
13 247
28 286
35 294
11
30 37
85 46
17 80
49 90
60 105
87 174
22 187
43 190
91 191
86 209
92 299
13
52 54
5 72
31 80
37 97
61 125
98 135
64 161
99 199
70 230
98 238
46 246
2 252
76 270
9
65 6
86 15
67 49
27 68
94 75
8 89
90 219
11 253
1 268
9
3 53
61 63
54 105
76 127
86 134
40 179
1 197
5 229
65 258
12
51 0
89 44
23 64
42 86
81 100
54 121
62 130
79 154
27 214
69 252
89 266
87 273
13
82 21
72 50
65 51
11 162
7 171
70 172
96 180
67 196
86 201
31 207
27 208
2 214
60 240
7
87 2
7 27
18 32
68 53
54 115
91 123
32 187
10
5 33
83 43
96 50
6 57
35 81
37 158
79 219
78 220
8 232
18 233
11
81 0
90 1
100 22
88 35
79 68
95 83
24 99
58 151
70 162
29 189
3 239
12
100 36
51 45
49 50
52 63
7 74
23 130
55 188
70 219
81 230
89 234
70 265
74 271
7
76 7
57 51
38 89
92 93
91 214
46 240
72 257
8
59 40
85 57
7 73
52 88
39 115
19 153
62 171
62 248
13
14 2
45 8
79 25
46 77
98 90
80 125
88 127
19 154
42 167
68 196
25 201
73 208
97 213
7
10 60
89 98
67 137
52 138
54 145
60 201
73 271
11
72 24
81 51
20 70
65 74
75 77
32 128
66 192
44 203
7 240
1 271
22 281
8
13 1
6 16
81 73
92 157
94 161
50 169
96 226
30 239
8
66 1
67 89
37 192
59 193
50 238
39 243
65 246
16 248
8
13 1
3 4
30 41
46 109
80 137
33 264
65 286
86 294
5
79 13
82 76
72 122
34 208
61 248
17
46 28
27 39
17 85
51 103
57 113
50 140
4 155
59 159
89 179
1 210
25 248
34 253
43 260
75 265
82 273
50 280
27 287
9
15 47
47 66
32 81
43 169
46 243
43 248
96 249
8 270
46 281
13
15 9
91 59
74 101
27 162
25 168
24 198
60 209
53 225
9 257
12 270
39 284
79 287
79 298
13
58 22
97 32
35 90
14 111
70 121
11 127
61 208
62 220
72 229
36 254
86 261
94 262
43 268
6
69 31
70 34
61 112
56 117
9 154
20 223
7
39 36
23 100
87 119
99 120
86 148
16 159
12 269
7
5 0
66 15
52 112
76 131
98 138
99 139
73 189
7
62 36
10 113
49 118
27 119
75 153
64 237
13 296
8
32 50
78 68
56 149
80 192
69 214
19 243
22 253
54 269
9
67 6
39 10
13 48
20 75
18 138
98 171
94 215
14 268
97 278
9
85 5
74 35
33 83
17 125
94 138
3 149
55 170
73 215
95 266
15
85 8
93 11
78 36
43 55
54 95
6 121
29 171
36 179
64 210
4 220
2 223
54 229
79 232
97 257
100 296
6
97 163
45 240
81 243
64 259
2 270
45 276
13
47 11
69 37
88 48
13 83
12 97
61 144
65 164
44 225
44 233
94 238
89 241
31 242
16 290
8
56 89
21 100
11 109
55 148
73 191
10 205
10 273
91 274
11
55 11
26 28
29 33
35 39
44 86
72 140
50 174
98 214
64 282
33 289
65 299
8
42 13
41 37
37 44
28 90
34 98
38 147
91 233
39 242
7
14 32
88 60
36 69
3 113
83 186
41 244
27 252
10
2 6
56 12
80 45
43 121
62 166
74 223
49 236
54 242
87 290
33 296
7
52 51
78 75
97 82
29 95
75 110
72 193
52 216
9
61 17
77 32
60 51
30 139
66 150
73 173
39 221
80 239
93 292
10
98 4
13 15
69 37
20 51
90 76
36 96
21 195
95 201
57 211
46 261
10
68 79
95 89
79 100
34 114
37 131
32 161
26 199
6 226
69 231
9 291
9
32 11
44 46
68 63
66 65
60 120
11 121
60 140
78 252
94 262
12
42 22
90 57
4 69
32 101
58 102
12 119
29 147
55 162
34 166
54 176
96 181
8 206
11
48 21
27 111
28 127
2 137
44 175
86 180
60 183
71 219
15 230
41 254
84 297
8
19 69
9 82
97 163
85 212
87 227
72 235
31 249
3 266
13
38 83
22 89
34 92
91 100
32 138
32 164
36 170
2 180
22 183
47 207
13 237
69 262
82 272
5
60 78
48 193
52 218
37 225
94 266
7
35 0
61 21
97 50
38 63
51 112
96 123
2 177
9
32 37
20 53
60 74
20 84
88 130
29 134
7 200
62 236
58 249
12
30 0
11 47
76 115
43 151
62 157
21 188
32 225
72 232
87 241
35 251
30 286
50 293
6
93 51
11 103
89 119
77 156
82 217
11 259
8
45 50
49 57
75 64
85 107
28 149
5 221
26 244
31 254
11
98 0
59 7
18 19
26 39
16 48
92 124
18 139
49 181
43 186
88 228
25 263
6
97 66
8 113
37 135
23 138
87 191
4 202
9
68 1
63 5
85 16
46 22
96 92
74 101
50 172
85 177
16 271
6
72 73
81 169
38 174
15 175
77 184
54 216
11
82 142
32 161
69 177
44 179
58 195
36 203
88 218
55 237
60 239
65 252
72 271
9
74 15
85 80
36 108
33 173
59 199
42 232
78 239
69 268
59 290
5
73 24
24 45
24 80
65 120
97 187
5
47 25
68 87
29 132
98 150
13 223
8
83 25
51 65
64 121
17 137
90 138
68 211
3 213
2 280
6
60 13
87 24
3 46
23 202
94 252
71 272
8
91 105
86 107
44 123
96 154
28 166
86 184
11 220
57 270
9
22 0
25 9
79 57
7 60
76 114
68 120
24 130
53 188
99 285
6
9 60
84 89
13 142
94 199
10 269
19 283
7
3 51
41 85
59 106
2 116
26 119
87 272
90 284
8
40 16
64 33
90 69
62 82
6 99
71 112
15 160
80 231
8
7 3
30 47
9 74
82 118
5 171
90 180
32 195
76 263
6
18 38
11 45
33 68
23 118
4 178
95 237
13
23 6
58 19
12 57
59 64
65 68
48 114
71 146
93 165
8 228
65 233
72 236
51 243
26 254
11
19 0
71 13
56 24
68 55
3 68
60 119
82 213
71 227
75 228
3 231
21 294
10
46 51
21 86
52 93
11 116
56 119
68 126
23 194
87 213
67 215
31 218
9
80 28
65 60
2 85
79 94
43 102
4 109
65 129
14 136
41 173
9
100 73
44 88
45 97
67 172
3 218
85 250
94 253
62 288
3 298
13
68 42
60 57
28 78
44 85
25 86
73 105
29 120
93 125
61 162
2 199
55 209
9 222
67 294
5
50 31
13 106
55 115
69 178
96 281
8
14 20
64 160
82 168
25 174
71 211
13 250
88 251
68 279
12
91 3
9 20
86 46
56 97
62 150
92 157
25 197
55 231
67 234
2 253
61 266
99 283
8
87 5
66 6
36 9
70 124
57 127
64 171
83 176
6 238
13
68 50
79 53
26 62
44 63
27 83
33 176
56 241
71 246
36 259
84 265
69 276
58 290
67 298
7
88 70
93 192
13 201
78 245
84 252
45 275
77 287
13
1 0
31 36
95 80
45 84
32 107
48 123
18 132
77 141
22 143
96 156
18 183
45 196
51 281
7
43 21
44 53
31 57
9 66
86 72
90 182
39 241
9
47 17
76 61
71 81
38 104
90 113
76 196
8 240
18 268
100 287
11
8 7
93 19
65 41
1 80
6 86
59 99
97 110
98 188
73 231
40 254
69 296
8
98 20
41 62
82 98
20 116
32 123
3 184
71 262
28 286
6
79 12
3 20
97 29
64 69
85 91
13 252
10
94 2
65 25
53 81
58 88
69 110
34 118
56 143
89 155
26 188
39 244
7
25 10
100 67
87 113
87 143
72 162
21 166
15 235
5
62 57
94 153
15 178
62 180
57 277
10
63 6
22 31
26 73
78 114
38 120
17 155
42 159
66 179
2 248
26 279
8
6 5
90 86
78 128
56 154
48 172
7 176
37 198
6 257
4
11 20
79 43
11 80
79 271
12
34 11
85 15
41 20
62 53
67 68
42 76
72 80
46 153
95 172
88 256
16 259
87 286
12
47 21
44 38
37 48
53 115
87 134
23 159
24 185
62 224
16 250
77 257
26 265
13 280
11
81 6
85 9
4 44
92 49
61 222
16 232
52 259
64 272
29 284
68 288
83 292
5
83 51
9 107
3 166
64 248
87 285
13
18 20
79 21
44 23
32 33
71 45
69 62
27 90
57 153
81 170
40 207
72 234
90 241
86 298
6
17 40
29 48
78 57
8 136
96 191
18 277
7
5 48
95 74
57 134
65 184
61 207
47 232
27 292
8
84 61
67 65
16 72
58 132
79 200
5 235
4 277
27 289
12
14 37
71 47
7 49
61 91
14 99
5 121
39 150
60 153
99 202
38 247
25 268
72 290
10
88 106
71 111
19 128
28 139
19 177
84 180
71 245
57 258
37 267
63 291
6
76 1
98 3
24 49
64 61
82 67
75 98
9
64 1
20 22
91 60
36 66
25 114
75 116
27 126
55 166
16 245
7
82 57
95 145
29 165
28 180
82 228
40 236
99 293
5
69 68
86 153
37 173
17 200
77 242
8
85 77
58 88
9 109
57 124
69 175
18 187
37 219
49 249
4
29 67
49 118
25 186
75 281
7
25 1
59 81
27 112
78 115
49 130
16 184
43 272
8
28 37
64 48
29 80
38 85
54 171
61 189
19 201
52 268
11
13 5
86 11
19 42
76 74
52 121
26 138
78 193
51 209
36 263
60 277
29 280
11
71 42
84 84
81 87
68 102
93 110
5 111
90 118
44 150
95 190
19 219
29 272
12
34 21
50 38
70 41
44 79
50 80
7 84
7 137
41 189
6 217
69 252
88 255
21 272
9
43 37
49 64
82 66
15 79
73 125
89 151
25 234
16 253
10 255
11
91 21
46 24
84 26
76 51
95 55
62 69
97 122
19 136
29 137
41 193
34 283
7
91 9
25 31
55 34
24 57
22 143
85 241
32 257
5
31 65
46 71
43 158
63 209
37 261
8
53 10
93 64
91 171
12 194
36 210
98 214
58 217
9 259
14
44 33
58 38
31 91
64 92
95 97
8 117
1 130
76 139
13 168
78 182
1 218
62 227
63 259
36 286
9
91 9
3 43
88 55
85 106
79 109
18 138
76 167
31 169
41 258
15
19 10
32 14
22 36
47 40
64 61
24 92
23 97
24 143
49 163
5 198
57 219
64 240
74 260
61 263
60 280
10
75 70
68 118
45 152
86 162
96 177
51 203
46 207
58 233
12 242
17 295
11
97 14
74 24
81 27
53 77
6 84
15 136
16 157
59 190
56 231
7 279
19 295
9
1 3
12 12
4 33
47 48
64 86
68 206
28 219
13 295
75 296
11
84 9
86 24
59 28
57 30
55 60
80 180
93 204
46 247
23 252
97 293
14 298
8
49 26
73 86
98 112
24 128
20 130
13 239
17 276
99 279
9
32 47
53 83
85 85
56 139
22 162
18 203
4 212
60 274
100 290
4
78 11
88 61
16 73
24 202
9
17 65
74 112
25 124
89 133
5 173
7 211
26 224
13 266
46 280
10
78 49
96 72
21 120
61 121
69 130
37 193
11 231
80 242
78 293
35 294
6
93 8
85 28
9 31
90 71
71 190
76 269
8
51 31
81 32
63 83
57 141
78 146
36 148
71 164
82 271
12
23 66
1 69
9 105
53 106
78 138
13 140
76 171
32 175
4 239
43 262
29 270
92 291
10
83 1
92 2
50 20
26 56
3 106
1 141
31 199
73 244
32 252
77 261
8
67 54
96 75
98 118
12 145
12 244
4 248
50 263
64 276
14
64 8
22 65
32 69
44 76
52 87
63 114
82 194
87 205
22 216
95 231
81 235
23 242
7 264
36 289
9
15 12
45 117
85 139
79 146
31 164
76 203
93 219
35 242
90 285
8
6 25
86 44
60 65
51 186
39 218
44 224
41 231
41 249
6
71 126
23 148
81 194
39 206
12 246
51 263
13
22 40
10 51
71 59
63 96
76 124
13 134
83 145
16 148
30 158
4 235
46 263
88 282
90 286
11
28 43
33 89
73 98
52 157
77 176
8 188
33 214
29 216
91 268
55 274
72 277
9
80 3
48 56
7 90
11 168
77 172
89 209
8 244
36 257
39 276
8
47 59
40 83
14 106
26 132
52 144
52 145
34 270
21 276
11
88 13
15 22
2 55
66 82
80 83
81 122
72 124
6 166
83 207
58 208
31 249
6
90 15
56 21
92 65
57 200
89 234
92 246
8
9 96
5 179
37 215
63 239
6 257
86 266
44 277
53 296
5
34 14
59 71
24 118
48 132
38 198
8
50 6
33 33
29 36
60 47
77 67
40 200
81 202
95 227
8
96 32
10 78
1 120
54 150
11 180
6 206
14 260
95 290
8
35 65
19 113
97 134
82 135
33 171
88 258
82 283
57 296
11
17 21
77 23
81 25
79 59
17 133
44 154
46 170
100 193
46 256
79 269
38 294
14
25 5
61 81
7 86
9 97
86 139
92 160
44 163
23 168
17 174
22 183
62 196
17 197
21 228
12 233
12
78 4
98 6
60 21
34 32
85 62
61 108
28 146
18 237
47 240
74 257
84 278
43 297
10
95 22
90 32
94 46
3 49
66 73
50 85
15 213
49 228
12 235
37 241
7
81 30
23 79
100 82
45 163
71 172
40 182
66 209
9
57 62
94 76
57 209
23 212
91 227
93 245
83 246
21 260
94 273
13
65 10
89 17
47 30
84 48
29 79
73 94
13 102
83 119
74 150
38 207
96 224
20 244
53 284
6
72 79
57 148
96 188
46 240
49 254
100 269
10
88 10
20 23
6 38
97 51
52 135
92 161
9 186
14 200
69 226
19 286
12
78 4
60 55
5 56
62 118
4 133
100 160
68 183
14 201
4 223
34 231
29 257
51 273
7
26 6
73 42
83 61
85 65
17 141
64 235
22 256
8
58 3
91 5
9 91
52 99
16 120
40 123
44 219
79 267
9
50 70
32 108
62 118
76 152
80 180
57 199
87 241
78 253
18 268
8
75 24
83 67
47 123
84 166
71 254
18 265
9 276
53 293
9
95 7
33 11
19 40
2 63
44 74
1 80
88 125
41 250
12 269
5
70 39
90 112
2 182
70 208
26 271
8
10 9
12 41
62 67
1 75
20 86
76 137
35 145
49 277
7
16 1
8 12
33 53
53 56
30 116
50 192
58 225
10
36 31
9 43
29 52
47 96
67 102
42 106
68 179
68 256
100 287
58 289
9
88 26
49 45
6 50
72 81
20 95
52 102
60 169
17 218
73 286
6
57 8
60 27
49 74
95 181
98 219
84 228
9
29 12
83 36
64 39
99 68
13 97
24 154
42 199
67 265
69 285
12
50 48
26 86
56 96
5 119
28 155
76 171
15 192
35 200
89 207
37 229
36 278
23 293
14
60 12
68 34
85 40
98 49
41 85
31 115
55 170
94 194
72 196
65 203
69 206
60 269
79 280
21 298
5
10 60
60 118
2 203
60 246
90 288
12
55 2
8 56
5 76
11 84
69 87
32 90
41 145
5 164
35 190
34 197
66 222
46 246
14
54 19
34 26
7 43
45 63
44 96
27 107
94 111
50 143
71 146
78 168
25 193
98 219
44 264
56 296
8
96 1
98 5
97 48
9 137
26 233
14 252
61 269
70 281
10
11 1
46 37
31 96
22 107
18 120
60 130
69 233
89 256
50 265
55 279
11
45 0
73 15
23 33
37 68
33 88
45 115
99 128
71 133
80 183
58 221
94 234
12
37 42
6 55
52 57
57 63
40 70
3 130
90 178
67 217
2 221
54 255
39 274
49 276
10
40 33
40 54
2 60
6 68
35 124
84 172
6 218
69 251
90 254
10 291
8
25 17
52 54
74 61
19 75
8 93
35 123
16 265
46 293
11
89 38
65 44
71 99
7 103
37 133
12 169
43 197
75 211
97 216
42 255
45 259
10
11 2
89 68
41 126
68 165
25 172
68 215
69 222
77 246
57 249
72 275
7
47 62
47 146
78 174
66 175
12 188
66 210
42 244
6
24 8
70 61
75 66
1 157
69 190
11 257
4
40 61
7 105
91 119
36 125
8
81 25
2 99
45 103
42 177
19 247
56 264
96 283
26 285
10
11 3
73 121
49 130
85 176
31 188
37 205
88 219
66 220
23 224
50 298
15
97 11
92 20
65 22
87 58
92 79
6 103
85 108
82 175
60 200
79 253
95 255
29 265
68 280
95 283
12 288
8
66 55
99 59
36 80
78 84
83 188
72 228
54 290
61 291
12
77 42
13 89
46 123
85 138
59 146
37 194
7 195
15 206
3 242
11 245
93 294
16 296
4
30 6
36 69
69 83
11 105
14
77 15
47 21
32 38
85 64
66 80
2 82
8 95
37 99
34 113
79 117
85 138
44 150
39 193
59 248
14
91 11
47 22
2 29
30 44
29 62
23 76
92 105
37 106
73 137
25 145
30 146
71 227
53 278
5 291
10
14 1
19 27
73 81
98 117
76 144
40 212
98 258
8 284
58 297
52 298
300
9
52 31
82 70
96 92
8 101
52 103
53 142
89 192
44 196
49 261
