506
613
1553
490
411
289
844
482
555
492
319
275
498
480
567
275
295
389
636
680
283
492
476
277
506
538
288
391
263
259
388
263
409
407
370
472
1407
553
478
380
451
619
431
458
359
1480
494
281
271
225
456
225
334
239
381
340
293
516
332
474
260
455
587
691
538
348
427
453
288
597
462
581
348
327
302
354
278
370
727
676
551
569
247
233
336
589
512
611
360
502
298
346
237
265
462
654
296
298
354
415
698
482
455
549
389
332
368
459
379
566
488
326
449
249
330
698
415
498
380
601
360
273
705
482
342
352
358
253
514
354
493
353
496
275
344
263
298
300
429
255
269
243
247
286
270
357
344
395
280
496
572
249
473
306
379
257
354
502
299
638
240
360
276
585
968
573
274
342
464
364
258
277
344
494
436
639
510
733
277
490
342
282
472
556
277
753
589
265
354
425
315
367
1285
289
387
567
390
351
524
739
293
526
285
484
563
567
322
359
304
284
996
670
482
1472
223
413
389
334
269
527
527
290
320
303
477
454
591
555
334
526
468
546
652
304
318
729
642
431
278
484
458
463
488
478
476
485
494
461
585
480
387
443
307
511
601
348
411
510
1198
470
554
480
363
504
324
1356
510
437
502
484
642
516
621
567
605
575
483
476
474
492
492
472
413
579
545
548
345
294
275
482
896
383
660
271
339
826
312
1502
512
727
243
591
559
607
520
380
551
678
258
589
516
338
670
557
636
490
484
603
873
415
364
600
285
460
524
549
345
447
326
310
283
411
235
251
242
454
260
336
358
418
436
449
397
520
652
559
421
451
344
494
253
346
460
463
607
818
437
530
393
559
476
454
479
446
441
769
461
479
531
524
751
528
473
273
607
574
323
437
470
376
369
480
405
352
990
387
362
346
346
275
550
477
415
494
968
469
506
885
441
247
257
282
283
538
472
504
479
320
352
243
432
360
359
363
332
378
298
502
286
455
237
482
567
551
306
370
382
231
260
403
488
338
490
275
349
322
269
312
255
552
242
471
1449
443
336
478
288
480
370
365
1364
417
251
246
247
442
251
362
282
451
498
372
373
298
630
412
388
375
261
364
251
336
423
243
332
564
512
443
276
413
504
247
249
452
386
478
307
225
427
378
363
275
268
273
415
279
298
245
423
381
259
282
267
297
468
455
502
544
272
245
395
249
482
314
454
318
247
743
500
225
251
304
257
330
259
342
397
342
243
470
460
217
444
346
320
419
281
490
274
650
350
423
604
472
479
484
408
343
265
473
253
354
282
259
295
445
354
312
247
581
945
682
455
332
330
494
375
317
307
504
515
374
384
360
390
360
409
633
364
535
1864
455
451
289
644
405
305
383
373
338
451
338
652
363
334
561
453
690
514
276
289
271
255
449
237
284
278
260
306
388
289
282
347
295
357
282
332
253
429
448
464
245
281
368
476
494
504
348
300
290
434
454
335
524
575
348
255
482
445
443
442
1641
281
403
442
624
278
247
263
352
433
439
1581
275
383
356
322
514
498
722
222
267
411
344
282
425
607
407
427
459
297
364
356
304
316
411
291
363
276
581
289
1312
621
259
291
569
368
476
276
372
350
431
349
249
237
404
350
593
403
363
395
247
446
322
456
436
344
338
384
634
1583
548
658
374
539
826
484
471
259
295
332
287
372
399
376
1706
357
249
328
251
283
247
264
330
460
279
360
279
449
354
259
259
268
789
445
508
346
496
513
474
583
355
630
596
1561
482
470
678
461
453
595
1010
490
570
476
524
512
457
452
526
443
433
573
405
538
575
494
775
420
676
231
481
618
460
929
597
368
247
278
466
392
370
350
338
516
356
356
376
219
698
532
492
257
245
311
546
308
575
279
285
373
362
243
247
396
464
347
391
239
486
688
463
476
300
531
411
449
488
275
324
320
336
403
295
328
779
679
490
229
384
272
287
299
257
258
357
253
251
356
1666
255
269
267
307
374
352
552
263
353
346
262
245
261
291
472
480
484
461
261
261
397
1241
429
322
522
384
450
545
482
371
241
380
377
332
289
350
277
332
243
228
243
465
324
255
373
376
334
587
315
684
220
224
481
328
1531
466
366
255
275
443
397
357
455
300
342
599
484
1500
506
670
491
557
265
352
350
599
285
397
271
297
289
372
371
268
271
461
259
545
458
292
631
350
382
303
397
351
381
415
377
334
257
313
431
237
324
557
449
508
313
365
277
259
261
288
290
269
274
259
342
243
341
255
346
289
542
307
292
356
445
255
286
353
508
292
261
249
309
368
237
259
326
269
375
343
378
253
247
480
235
235
247
384
365
373
352
338
483
502
378
233
261
287
551
282
316
316
303
498
510
650
219
261
468
365
267
324
1208
249
271
413
259
334
346
470
591
346
342
314
279
448
243
555
473
367
483
409
279
330
293
328
407
312
239
261
223
467
261
383
460
307
549
287
384
304
516
341
392
373
500
433
283
443
512
487
581
741
658
716
520
354
312
381
366
486
467
278
389
346
486
249
271
257
275
374
389
264
380
277
423
225
247
255
235
275
249
365
383
340
277
508
573
453
619
328
432
283
247
476
243
342
423
398
478
943
366
355
340
362
1461
709
443
442
372
275
340
467
292
721
548
682
429
374
620
528
482
589
567
438
255
403
466
1095
336
389
373
551
502
634
484
468
272
703
792
1012
534
763
535
383
284
293
277
431
374
261
231
637
492
547
346
522
531
372
413
356
443
803
433
413
354
550
520
559
701
478
396
1307
733
476
304
354
